BN	TN	seqType	Horizon	FT	PrepTime	press0	press1	press2	press3	press4	press5	press6	press7	press8	press9	press10	press11	press12	press13	cueP	complete	iti	MT	RT	isError	response0	response1	response2	response3	response4	response5	response6	response7	response8	response9	response10	response11	response12	response13	pressTime0	pressTime1	pressTime2	pressTime3	pressTime4	pressTime5	pressTime6	pressTime7	pressTime8	pressTime9	pressTime10	pressTime11	pressTime12	pressTime13	timeThreshold2	timeThreshold3	timeThreshold4	timeThreshold14	points	Gain1	Gain2	Gain3	Gain4	Gain5	StimTimeLim	
1	1	1	8	1	3000	2	4	3	1	5	2	3	5	1	4	1	3	2	4	24315235141324	0	5000	4936.000	548.000	1	2	3	3	1	5	2	3	5	1	4	2	3	2	4	5552.000	5992.000	6876.000	7164.000	7464.000	7750.000	8006.000	8280.000	8570.000	8810.000	9154.000	9532.000	10080.000	10372.000	800.000	1100.000	1500.000	6000.000	0	1.000	1.000	1.000	1.000	1.000	15000	
1	2	1	4	1	3000	3	2	5	4	1	3	5	4	2	1	4	1	5	2	32541354214152	0	5000	4304.000	580.000	0	3	2	5	4	1	3	5	4	2	1	4	1	5	2	5584.000	5872.000	6172.000	6456.000	6766.000	7080.000	7374.000	7658.000	8140.000	8458.000	8826.000	9170.000	9462.000	9784.000	800.000	1100.000	1500.000	6000.000	3	1.000	1.000	1.000	1.000	1.000	15000	
1	3	1	6	1	3000	1	4	3	5	2	1	3	2	5	4	1	3	2	4	14352132541324	0	5000	3834.000	558.000	0	1	4	3	5	2	1	3	2	5	4	1	3	2	4	5562.000	5824.000	6126.000	6422.000	6706.000	6948.000	7232.000	7540.000	7888.000	8170.000	8460.000	8710.000	9002.000	9300.000	800.000	1100.000	1500.000	6000.000	3	1.000	1.000	1.000	1.000	1.000	15000	
1	4	1	3	1	3000	2	4	1	5	3	1	3	5	4	2	1	4	3	5	24153135421435	0	5000	3940.000	718.000	0	2	4	1	5	3	1	3	5	4	2	1	4	3	5	5722.000	5990.000	6264.000	6522.000	6916.000	7240.000	7514.000	7812.000	8052.000	8492.000	8808.000	9070.000	9330.000	9578.000	800.000	1100.000	1500.000	6000.000	3	1.000	1.000	1.000	1.000	1.000	15000	
1	5	1	2	1	3000	3	5	2	1	4	1	4	5	2	3	5	4	2	3	35214145235423	0	5000	5370.000	562.000	0	3	5	2	1	4	1	4	5	2	3	5	4	2	3	5566.000	5846.000	6294.000	6616.000	6888.000	7350.000	7624.000	8416.000	9088.000	9370.000	9668.000	10116.000	10544.000	10834.000	800.000	1100.000	1500.000	6000.000	2	1.000	1.000	1.000	1.000	1.000	15000	
1	6	1	5	1	3000	5	4	2	3	1	3	2	4	1	5	1	2	4	3	54231324151243	0	5000	3954.000	550.000	0	5	4	2	3	1	3	2	4	1	5	1	2	4	3	5554.000	6276.000	6636.000	6916.000	7234.000	7510.000	7766.000	8022.000	8286.000	8516.000	8764.000	8978.000	9242.000	9404.000	800.000	1100.000	1500.000	6000.000	3	1.000	1.000	1.000	1.000	1.000	15000	
1	7	1	7	1	3000	1	3	5	2	4	2	5	4	1	3	1	5	3	2	13524254131532	0	5000	3754.000	566.000	0	1	3	5	2	4	2	5	4	1	3	1	5	3	2	5570.000	5792.000	6040.000	6262.000	6988.000	7258.000	7500.000	7744.000	8010.000	8230.000	8472.000	8696.000	9012.000	9238.000	800.000	1100.000	1500.000	6000.000	3	1.000	1.000	1.000	1.000	1.000	15000	
1	8	1	1	1	3000	2	3	1	5	4	1	4	2	3	5	1	4	3	5	23154142351435	0	5000	6212.000	700.000	0	2	3	1	5	4	1	4	2	3	5	1	4	3	5	5704.000	6220.000	6652.000	7084.000	7686.000	8128.000	8596.000	9028.000	9406.000	9814.000	10250.000	10686.000	11300.000	11786.000	800.000	1100.000	1500.000	6000.000	1	1.000	1.000	1.000	1.000	1.000	15000	
1	9	1	3	1	3000	3	5	1	4	2	5	1	3	4	2	4	3	1	5	35142513424315	0	5000	4396.000	484.000	1	3	5	4	4	2	5	1	3	4	2	4	3	1	5	5488.000	5702.000	6204.000	6920.000	7170.000	7416.000	7696.000	7998.000	8320.000	8792.000	9058.000	9298.000	9550.000	9762.000	800.000	1100.000	1500.000	6000.000	0	1.000	1.000	1.000	1.000	1.000	15000	
1	10	1	8	1	3000	3	1	4	5	2	4	5	2	3	1	4	5	3	1	31452452314531	0	5000	3882.000	628.000	0	3	1	4	5	2	4	5	2	3	1	4	5	3	1	5632.000	5878.000	6144.000	6418.000	6806.000	7148.000	7394.000	7918.000	8158.000	8444.000	8726.000	8956.000	9186.000	9434.000	800.000	1100.000	1500.000	6000.000	3	1.000	1.000	1.000	1.000	1.000	15000	
1	11	1	5	1	3000	2	1	4	3	5	2	4	5	3	1	5	1	4	3	21435245315143	0	5000	4540.000	560.000	1	2	1	4	3	5	2	3	5	3	1	5	1	4	3	5564.000	5794.000	6028.000	6248.000	6482.000	6938.000	7248.000	8224.000	8484.000	8836.000	9152.000	9470.000	9776.000	9992.000	800.000	1100.000	1500.000	6000.000	0	1.000	1.000	1.000	1.000	1.000	15000	
1	12	1	4	1	3000	5	3	4	1	2	4	5	3	1	2	4	5	1	2	53412453124512	0	5000	3796.000	722.000	0	5	3	4	1	2	4	5	3	1	2	4	5	1	2	5726.000	5944.000	6198.000	6438.000	6666.000	6962.000	7656.000	7966.000	8230.000	8498.000	8800.000	9032.000	9224.000	9406.000	800.000	1100.000	1500.000	6000.000	3	1.000	1.000	1.000	1.000	1.000	15000	
1	13	1	6	1	3000	1	4	2	5	3	1	4	3	5	2	4	1	5	3	14253143524153	0	5000	3326.000	618.000	0	1	4	2	5	3	1	4	3	5	2	4	1	5	3	5622.000	5792.000	6132.000	6364.000	6570.000	6810.000	7052.000	7266.000	7474.000	7832.000	8106.000	8442.000	8636.000	8826.000	800.000	1100.000	1500.000	6000.000	3	1.000	1.000	1.000	1.000	1.000	15000	
1	14	1	2	1	3000	1	4	5	3	2	5	1	2	4	3	5	2	4	3	14532512435243	0	5000	4500.000	880.000	0	1	4	5	3	2	5	1	2	4	3	5	2	4	3	5884.000	6080.000	6536.000	6788.000	7154.000	7408.000	7736.000	8036.000	8646.000	8840.000	9294.000	9646.000	9942.000	10264.000	800.000	1100.000	1500.000	6000.000	3	1.000	1.000	1.000	1.000	1.000	15000	
1	15	1	7	1	3000	5	4	2	3	1	2	4	5	1	3	4	2	3	1	54231245134231	0	5000	3244.000	610.000	0	5	4	2	3	1	2	4	5	1	3	4	2	3	1	5614.000	5808.000	6032.000	6186.000	6426.000	6620.000	6870.000	7088.000	7284.000	7774.000	8038.000	8390.000	8552.000	8746.000	800.000	1100.000	1500.000	6000.000	3	1.000	1.000	1.000	1.000	1.000	15000	
1	16	1	1	1	3000	5	1	2	4	3	5	2	3	1	4	3	5	2	1	51243523143521	0	5000	6810.000	542.000	1	5	1	2	3	3	5	2	3	1	4	3	5	2	1	5546.000	5972.000	6502.000	6852.000	7636.000	8064.000	8606.000	9086.000	9502.000	9986.000	10678.000	11242.000	11790.000	12214.000	800.000	1100.000	1500.000	6000.000	0	1.000	1.000	1.000	1.000	1.000	15000	
1	17	1	6	1	3000	4	2	1	3	5	3	4	2	1	5	2	4	3	5	42135342152435	0	5000	3444.000	592.000	0	4	2	1	3	5	3	4	2	1	5	2	4	3	5	5596.000	5844.000	6062.000	6258.000	6504.000	6760.000	7048.000	7342.000	7532.000	7782.000	8232.000	8540.000	8756.000	8946.000	800.000	1100.000	1500.000	6000.000	3	1.000	1.000	1.000	1.000	1.000	15000	
1	18	1	1	1	3000	1	4	5	3	2	5	2	1	4	3	1	3	4	2	14532521431342	0	5000	6106.000	510.000	0	1	4	5	3	2	5	2	1	4	3	1	3	4	2	5514.000	5976.000	6442.000	6868.000	7320.000	7768.000	8254.000	8702.000	9188.000	9634.000	10152.000	10594.000	11052.000	11528.000	800.000	1100.000	1500.000	6000.000	1	1.000	1.000	1.000	1.000	1.000	15000	
1	19	1	8	1	3000	4	3	1	2	5	2	4	5	1	3	4	2	5	1	43125245134251	0	5000	3364.000	524.000	0	4	3	1	2	5	2	4	5	1	3	4	2	5	1	5528.000	5736.000	5988.000	6218.000	6488.000	6772.000	6994.000	7210.000	7420.000	7764.000	7998.000	8346.000	8598.000	8774.000	800.000	1100.000	1500.000	6000.000	3	1.000	1.000	1.000	1.000	1.000	15000	
1	20	1	2	1	3000	5	2	1	3	4	2	4	5	3	1	4	1	3	5	52134245314135	0	5000	5092.000	716.000	0	5	2	1	3	4	2	4	5	3	1	4	1	3	5	5720.000	5952.000	6348.000	6950.000	7164.000	7640.000	7886.000	8502.000	8912.000	9116.000	9806.000	10016.000	10502.000	10688.000	800.000	1100.000	1500.000	6000.000	2	1.000	1.000	1.000	1.000	1.000	15000	
1	21	1	5	1	3000	1	5	4	2	3	5	2	1	3	4	1	3	2	4	15423521341324	0	5000	3556.000	662.000	0	1	5	4	2	3	5	2	1	3	4	1	3	2	4	5666.000	5890.000	6046.000	6278.000	6452.000	6712.000	7012.000	7186.000	7518.000	7982.000	8430.000	8678.000	8892.000	9134.000	800.000	1100.000	1500.000	6000.000	3	1.000	1.000	1.000	1.000	1.000	15000	
1	22	1	3	1	3000	2	5	3	1	4	1	4	3	5	2	3	5	1	2	25314143523512	0	5000	3798.000	820.000	1	2	5	3	1	4	1	4	3	5	2	5	5	1	2	5824.000	5948.000	6140.000	6382.000	6606.000	6886.000	7158.000	7398.000	7622.000	7958.000	8376.000	9066.000	9326.000	9514.000	800.000	1100.000	1500.000	6000.000	0	1.000	1.000	1.000	1.000	1.000	15000	
1	23	1	4	1	3000	1	4	2	5	3	2	4	3	5	1	2	4	1	3	14253243512413	0	5000	4164.000	472.000	1	1	4	2	5	3	2	4	3	5	1	2	4	2	3	5476.000	5642.000	5866.000	6078.000	6290.000	7078.000	7350.000	7566.000	7792.000	8048.000	8230.000	8588.000	8894.000	9486.000	800.000	1100.000	1500.000	6000.000	0	1.000	1.000	1.000	1.000	1.000	15000	
1	24	1	7	1	3000	3	2	5	1	4	5	3	4	2	1	4	1	3	5	32514534214135	0	5000	5354.000	524.000	1	3	2	1	1	4	5	3	4	2	1	4	1	3	5	5528.000	5732.000	5956.000	6978.000	7744.000	7992.000	8892.000	9140.000	9386.000	9666.000	10052.000	10314.000	10560.000	10824.000	800.000	1100.000	1500.000	6000.000	0	1.000	1.000	1.000	1.000	1.000	15000	
1	25	1	5	1	3000	5	4	1	3	2	4	3	5	1	2	5	2	1	3	54132435125213	0	5000	5194.000	518.000	1	5	4	3	3	2	4	3	5	1	2	5	2	1	3	5522.000	5738.000	6038.000	7158.000	7806.000	8098.000	8334.000	8596.000	8854.000	9106.000	9452.000	10108.000	10360.000	10576.000	800.000	1100.000	1500.000	6000.000	0	1.000	1.000	1.000	1.000	1.000	15000	
1	26	1	6	1	3000	1	5	3	4	2	5	4	2	3	1	5	4	1	2	15342542315412	0	5000	4046.000	656.000	0	1	5	3	4	2	5	4	2	3	1	5	4	1	2	5660.000	5898.000	6122.000	6362.000	6582.000	6834.000	7078.000	8056.000	8332.000	8642.000	8950.000	9166.000	9448.000	9612.000	800.000	1100.000	1500.000	6000.000	3	1.000	1.000	1.000	1.000	1.000	15000	
1	27	1	1	1	3000	5	4	2	3	1	2	4	3	5	1	5	2	4	1	54231243515241	0	5000	6248.000	470.000	0	5	4	2	3	1	2	4	3	5	1	5	2	4	1	5474.000	6078.000	6638.000	7106.000	7492.000	7954.000	8464.000	8880.000	9340.000	9736.000	10194.000	10700.000	11180.000	11584.000	800.000	1100.000	1500.000	6000.000	1	1.000	1.000	1.000	1.000	1.000	15000	
2	1	2	4	1	3000	4	2	3	1	5	1	5	4	2	3	5	3	4	1	42315154235341	0	5000	4772.000	582.000	0	4	2	3	1	5	1	5	4	2	3	5	3	4	1	5586.000	5848.000	6120.000	6446.000	6714.000	7048.000	7322.000	7892.000	8740.000	8994.000	9226.000	9706.000	9976.000	10250.000	800.000	1100.000	1500.000	5020.400	3	1.000	1.000	1.000	1.000	1.000	15000	
2	2	2	1	1	3000	5	3	1	4	2	4	5	3	1	2	4	3	5	2	53142453124352	0	5000	7482.000	530.000	1	5	3	1	4	2	4	5	3	1	2	4	3	1	2	5534.000	6024.000	6560.000	7032.000	7458.000	7984.000	8696.000	9134.000	9640.000	10128.000	10620.000	11122.000	11632.000	12904.000	800.000	1100.000	1500.000	5020.400	0	1.000	1.000	1.000	1.000	1.000	15000	
2	3	2	7	1	3000	1	3	2	5	4	1	5	3	4	2	5	1	2	4	13254153425124	0	5000	4524.000	586.000	0	1	3	2	5	4	1	5	3	4	2	5	1	2	4	5590.000	5798.000	6064.000	6352.000	6656.000	7512.000	7788.000	8066.000	8416.000	9010.000	9280.000	9534.000	9790.000	10008.000	800.000	1100.000	1500.000	5020.400	3	1.000	1.000	1.000	1.000	1.000	15000	
2	4	2	6	1	3000	2	3	5	1	4	3	1	2	4	5	3	1	4	5	23514312453145	0	5000	4588.000	536.000	0	2	3	5	1	4	3	1	2	4	5	3	1	4	5	5540.000	5694.000	5920.000	6126.000	7388.000	7706.000	8050.000	8338.000	8572.000	8984.000	9256.000	9572.000	9820.000	10024.000	800.000	1100.000	1500.000	5020.400	3	1.000	1.000	1.000	1.000	1.000	15000	
2	5	2	8	1	3000	2	3	5	4	1	3	1	4	5	2	1	3	2	5	23541314521325	0	5000	4336.000	624.000	0	2	3	5	4	1	3	1	4	5	2	1	3	2	5	5628.000	5794.000	6002.000	6538.000	6824.000	7056.000	7530.000	7800.000	8130.000	8506.000	8892.000	9190.000	9606.000	9856.000	800.000	1100.000	1500.000	5020.400	3	1.000	1.000	1.000	1.000	1.000	15000	
2	6	2	2	1	3000	4	1	5	2	3	1	4	2	3	5	3	2	5	1	41523142353251	0	5000	5376.000	746.000	0	4	1	5	2	3	1	4	2	3	5	3	2	5	1	5750.000	6030.000	6336.000	6664.000	6934.000	7414.000	7652.000	8426.000	8642.000	9200.000	9450.000	9908.000	10200.000	11018.000	800.000	1100.000	1500.000	5020.400	2	1.000	1.000	1.000	1.000	1.000	15000	
2	7	2	3	1	3000	2	4	5	3	1	5	2	4	1	3	1	5	3	4	24531524131534	0	5000	4608.000	622.000	0	2	4	5	3	1	5	2	4	1	3	1	5	3	4	5626.000	5798.000	6000.000	6422.000	6682.000	6956.000	7492.000	7742.000	8466.000	8690.000	8960.000	9492.000	9752.000	10052.000	800.000	1100.000	1500.000	5020.400	3	1.000	1.000	1.000	1.000	1.000	15000	
2	8	2	5	1	3000	3	1	5	4	2	4	3	1	5	2	1	4	3	5	31542431521435	0	5000	4414.000	990.000	0	3	1	5	4	2	4	3	1	5	2	1	4	3	5	5994.000	6176.000	6342.000	6532.000	6738.000	7264.000	7756.000	8436.000	8712.000	9038.000	9578.000	9880.000	10120.000	10302.000	800.000	1100.000	1500.000	5020.400	3	1.000	1.000	1.000	1.000	1.000	15000	
2	9	2	3	1	3000	2	4	5	1	3	4	1	2	5	3	4	1	5	2	24513412534152	0	5000	4194.000	478.000	0	2	4	5	1	3	4	1	2	5	3	4	1	5	2	5482.000	5622.000	5822.000	6178.000	6450.000	7080.000	7362.000	7680.000	7990.000	8246.000	8584.000	8962.000	9288.000	9576.000	800.000	1100.000	1500.000	5020.400	3	1.000	1.000	1.000	1.000	1.000	15000	
2	10	2	5	1	3000	4	2	3	1	5	3	4	2	5	1	3	2	5	4	42315342513254	0	5000	4604.000	504.000	0	4	2	3	1	5	3	4	2	5	1	3	2	5	4	5508.000	5696.000	5862.000	6492.000	6750.000	6982.000	7456.000	7730.000	8464.000	8758.000	9138.000	9452.000	9726.000	10000.000	800.000	1100.000	1500.000	5020.400	3	1.000	1.000	1.000	1.000	1.000	15000	
2	11	2	1	1	3000	2	4	5	3	1	5	3	4	2	1	5	1	3	2	24531534215132	0	5000	6586.000	622.000	0	2	4	5	3	1	5	3	4	2	1	5	1	3	2	5626.000	6128.000	6630.000	7062.000	7532.000	8020.000	8610.000	9152.000	9592.000	10104.000	10636.000	11144.000	11582.000	12118.000	800.000	1100.000	1500.000	5020.400	1	1.000	1.000	1.000	1.000	1.000	15000	
2	12	2	7	1	3000	1	4	2	5	3	4	2	3	1	5	3	5	1	4	14253423153514	0	5000	4136.000	686.000	0	1	4	2	5	3	4	2	3	1	5	3	5	1	4	5690.000	5884.000	6128.000	6352.000	6576.000	6852.000	7150.000	7518.000	8260.000	8518.000	8746.000	9188.000	9534.000	9716.000	800.000	1100.000	1500.000	5020.400	3	1.000	1.000	1.000	1.000	1.000	15000	
2	13	2	6	1	3000	2	3	5	4	1	4	1	2	5	3	2	5	1	4	23541412532514	0	5000	4276.000	574.000	0	2	3	5	4	1	4	1	2	5	3	2	5	1	4	5578.000	5700.000	5948.000	6276.000	6486.000	6664.000	7852.000	8104.000	8358.000	8608.000	8934.000	9214.000	9526.000	9744.000	800.000	1100.000	1500.000	5020.400	3	1.000	1.000	1.000	1.000	1.000	15000	
2	14	2	8	1	3000	1	5	3	2	4	1	3	2	4	5	3	1	2	5	15324132453125	0	5000	4248.000	490.000	1	1	5	3	2	4	1	3	2	4	3	3	1	2	5	5494.000	5658.000	5858.000	6096.000	6294.000	6534.000	6760.000	7342.000	7596.000	7834.000	8700.000	9026.000	9464.000	9686.000	800.000	1100.000	1500.000	5020.400	0	1.000	1.000	1.000	1.000	1.000	15000	
2	15	2	4	1	3000	2	3	1	4	5	2	5	3	4	1	4	1	3	5	23145253414135	0	5000	4038.000	676.000	0	2	3	1	4	5	2	5	3	4	1	4	1	3	5	5680.000	5812.000	6040.000	6264.000	6614.000	7000.000	7292.000	7718.000	8084.000	8356.000	8586.000	9172.000	9424.000	9600.000	800.000	1100.000	1500.000	5020.400	3	1.000	1.000	1.000	1.000	1.000	15000	
2	16	2	2	1	3000	3	5	1	4	2	5	4	2	1	3	4	2	1	3	35142542134213	0	5000	5788.000	794.000	0	3	5	1	4	2	5	4	2	1	3	4	2	1	3	5798.000	6018.000	6354.000	6664.000	7260.000	7528.000	8074.000	8402.000	9118.000	9448.000	10302.000	10582.000	11244.000	11498.000	800.000	1100.000	1500.000	5020.400	2	1.000	1.000	1.000	1.000	1.000	15000	
2	17	2	1	1	3000	1	4	5	2	3	5	2	3	1	4	2	5	3	4	14523523142534	0	5000	6380.000	600.000	0	1	4	5	2	3	5	2	3	1	4	2	5	3	4	5604.000	6104.000	6608.000	7052.000	7464.000	8100.000	8560.000	8976.000	9412.000	9892.000	10354.000	10904.000	11326.000	11868.000	800.000	1100.000	1500.000	5020.400	1	1.000	1.000	1.000	1.000	1.000	15000	
2	18	2	6	1	3000	4	2	1	3	5	2	3	5	1	4	2	4	3	5	42135235142435	0	5000	3718.000	570.000	0	4	2	1	3	5	2	3	5	1	4	2	4	3	5	5574.000	5812.000	6038.000	6296.000	6554.000	6832.000	7182.000	7462.000	7796.000	8048.000	8456.000	8748.000	8990.000	9184.000	800.000	1100.000	1500.000	5020.400	3	1.000	1.000	1.000	1.000	1.000	15000	
2	19	2	7	1	3000	4	2	5	1	3	2	5	4	1	3	1	2	4	3	42513254131243	0	5000	3606.000	576.000	0	4	2	5	1	3	2	5	4	1	3	1	2	4	3	5580.000	5754.000	5928.000	6148.000	6348.000	6670.000	6952.000	7344.000	7610.000	7836.000	8200.000	8510.000	8786.000	9092.000	800.000	1100.000	1500.000	5020.400	3	1.000	1.000	1.000	1.000	1.000	15000	
2	20	2	4	1	3000	4	1	5	2	3	1	5	3	2	4	2	3	5	1	41523153242351	0	5000	3706.000	560.000	0	4	1	5	2	3	1	5	3	2	4	2	3	5	1	5564.000	5728.000	5912.000	6114.000	6314.000	6558.000	6994.000	7368.000	7666.000	7882.000	8314.000	8592.000	8860.000	9198.000	800.000	1100.000	1500.000	5020.400	3	1.000	1.000	1.000	1.000	1.000	15000	
2	21	2	2	1	3000	5	4	2	3	1	5	4	1	3	2	4	5	1	3	54231541324513	0	5000	4904.000	614.000	0	5	4	2	3	1	5	4	1	3	2	4	5	1	3	5618.000	5802.000	6266.000	6488.000	6766.000	7522.000	8012.000	8312.000	8588.000	9014.000	9272.000	9632.000	10014.000	10390.000	800.000	1100.000	1500.000	5020.400	3	1.000	1.000	1.000	1.000	1.000	15000	
2	22	2	5	1	3000	1	3	4	2	5	1	3	5	4	2	1	3	5	4	13425135421354	0	5000	3524.000	542.000	0	1	3	4	2	5	1	3	5	4	2	1	3	5	4	5546.000	5720.000	5924.000	6110.000	6326.000	6532.000	6850.000	7148.000	7706.000	7932.000	8170.000	8394.000	8750.000	8966.000	800.000	1100.000	1500.000	5020.400	3	1.000	1.000	1.000	1.000	1.000	15000	
2	23	2	3	1	3000	2	1	5	3	4	2	3	5	1	4	3	5	2	4	21534235143524	0	5000	4540.000	650.000	0	2	1	5	3	4	2	3	5	1	4	3	5	2	4	5654.000	5832.000	6006.000	6332.000	6854.000	7128.000	7390.000	8434.000	8778.000	8946.000	9274.000	9522.000	9894.000	10104.000	800.000	1100.000	1500.000	5020.400	3	1.000	1.000	1.000	1.000	1.000	15000	
2	24	2	8	1	3000	1	3	5	2	4	2	3	5	1	4	1	2	4	5	13524235141245	0	5000	4268.000	466.000	1	1	3	5	2	4	3	3	5	1	4	1	2	4	5	5470.000	5620.000	5812.000	6068.000	6294.000	6620.000	7486.000	7750.000	8346.000	8550.000	8818.000	9098.000	9356.000	9576.000	800.000	1100.000	1500.000	5020.400	0	1.000	1.000	1.000	1.000	1.000	15000	
2	25	2	1	1	3000	4	3	1	5	2	3	1	5	4	2	3	1	4	2	43152315423142	0	5000	6196.000	482.000	0	4	3	1	5	2	3	1	5	4	2	3	1	4	2	5486.000	5932.000	6412.000	6992.000	7436.000	7858.000	8328.000	8830.000	9272.000	9800.000	10196.000	10650.000	11126.000	11572.000	800.000	1100.000	1500.000	5020.400	1	1.000	1.000	1.000	1.000	1.000	15000	
2	26	2	3	1	3000	2	5	1	3	4	2	3	1	4	5	3	2	4	1	25134231453241	0	5000	5670.000	472.000	0	2	5	1	3	4	2	3	1	4	5	3	2	4	1	5476.000	6854.000	7494.000	7734.000	8040.000	8374.000	8636.000	9082.000	9544.000	9898.000	10140.000	10462.000	10756.000	11018.000	800.000	1100.000	1500.000	5020.400	2	1.000	1.000	1.000	1.000	1.000	15000	
2	27	2	8	1	3000	3	1	4	5	2	4	5	3	1	2	4	2	1	5	31452453124215	0	5000	4646.000	702.000	0	3	1	4	5	2	4	5	3	1	2	4	2	1	5	5706.000	5920.000	6122.000	6352.000	6650.000	6908.000	7344.000	7584.000	7856.000	8160.000	8448.000	8814.000	9922.000	10204.000	800.000	1100.000	1500.000	5020.400	3	1.000	1.000	1.000	1.000	1.000	15000	
3	1	1	5	1	3000	1	4	2	5	3	4	2	3	1	5	2	1	3	4	14253423152134	0	5000	3484.000	460.000	1	1	4	2	5	3	4	2	3	1	5	2	1	4	3	5464.000	5676.000	5920.000	6142.000	6386.000	6640.000	6934.000	7120.000	7340.000	7636.000	8012.000	8196.000	8390.000	8824.000	800.000	1100.000	1500.000	5020.400	0	1.000	1.000	1.000	1.000	1.000	15000	
3	2	1	6	1	3000	2	4	3	1	5	4	1	5	2	3	1	5	2	4	24315415231524	0	5000	4184.000	584.000	1	2	3	3	1	5	4	1	5	2	3	1	5	2	4	5588.000	5936.000	6830.000	7064.000	7372.000	7678.000	7962.000	8226.000	8522.000	8702.000	8938.000	9222.000	9514.000	9676.000	800.000	1100.000	1500.000	5020.400	0	1.000	1.000	1.000	1.000	1.000	15000	
3	3	1	3	1	3000	2	4	3	5	1	4	1	5	2	3	5	4	1	3	24351415235413	0	5000	4210.000	564.000	1	2	3	3	5	1	4	1	5	2	3	5	4	1	3	5568.000	5972.000	6716.000	6946.000	7164.000	7432.000	7704.000	7956.000	8240.000	8444.000	8908.000	9138.000	9394.000	9646.000	800.000	1100.000	1500.000	5020.400	0	1.000	1.000	1.000	1.000	1.000	15000	
3	4	1	4	1	3000	3	5	4	2	1	4	3	1	5	2	1	3	2	5	35421431521325	0	5000	5502.000	492.000	0	3	5	4	2	1	4	3	1	5	2	1	3	2	5	5496.000	5718.000	5906.000	6204.000	7014.000	7328.000	7538.000	7792.000	8130.000	9340.000	9558.000	9934.000	10628.000	10862.000	800.000	1100.000	1500.000	5020.400	1	1.000	1.000	1.000	1.000	1.000	15000	
3	5	1	7	1	3000	3	1	5	4	2	1	3	2	4	5	1	2	4	3	31542132451243	0	5000	3304.000	1054.000	0	3	1	5	4	2	1	3	2	4	5	1	2	4	3	6058.000	6272.000	6472.000	6676.000	6950.000	7162.000	7580.000	7822.000	8156.000	8406.000	8622.000	8822.000	9050.000	9266.000	800.000	1100.000	1500.000	5020.400	3	1.000	1.000	1.000	1.000	1.000	15000	
3	6	1	8	1	3000	1	3	5	2	4	3	5	4	2	1	5	4	2	1	13524354215421	0	5000	3736.000	464.000	1	3	1	5	2	4	3	5	4	2	1	5	4	2	1	5468.000	5678.000	6726.000	7032.000	7298.000	7498.000	7708.000	7896.000	8150.000	8340.000	8520.000	8694.000	8942.000	9076.000	800.000	1100.000	1500.000	5020.400	0	1.000	1.000	1.000	1.000	1.000	15000	
3	7	1	1	1	3000	5	4	2	1	3	4	1	5	2	3	1	4	5	3	54213415231453	0	5000	5934.000	416.000	0	5	4	2	1	3	4	1	5	2	3	1	4	5	3	5420.000	5920.000	6424.000	6832.000	7238.000	7670.000	8206.000	8660.000	9110.000	9502.000	9946.000	10402.000	10846.000	11264.000	800.000	1100.000	1500.000	5020.400	1	1.000	1.000	1.000	1.000	1.000	15000	
3	8	1	2	1	3000	2	3	5	1	4	2	3	1	5	4	2	1	5	3	23514231542153	0	5000	4498.000	580.000	0	2	3	5	1	4	2	3	1	5	4	2	1	5	3	5584.000	5694.000	6228.000	6400.000	6882.000	7128.000	7718.000	7872.000	8330.000	8536.000	9118.000	9246.000	9790.000	9996.000	800.000	1100.000	1500.000	5020.400	2	1.000	1.000	1.000	1.000	1.000	15000	
3	9	1	5	1	3000	5	4	2	3	1	4	3	5	1	2	4	3	5	1	54231435124351	0	5000	3408.000	856.000	1	4	4	2	3	1	4	3	5	1	2	4	3	5	1	5860.000	6756.000	7016.000	7260.000	7490.000	7678.000	7860.000	8054.000	8242.000	8398.000	8632.000	8828.000	8998.000	9148.000	800.000	1100.000	1500.000	5020.400	0	1.000	1.000	1.000	1.000	1.000	15000	
3	10	1	8	1	3000	3	1	2	4	5	3	5	2	1	4	3	1	5	2	31245352143152	0	5000	3056.000	528.000	0	3	1	2	4	5	3	5	2	1	4	3	1	5	2	5532.000	5774.000	6016.000	6258.000	6502.000	6752.000	6978.000	7236.000	7418.000	7618.000	7802.000	8004.000	8192.000	8462.000	800.000	1100.000	1500.000	5020.400	3	1.000	1.000	1.000	1.000	1.000	15000	
3	11	1	7	1	3000	2	4	1	3	5	1	3	2	5	4	2	4	1	5	24135132542415	0	5000	4732.000	756.000	0	2	4	1	3	5	1	3	2	5	4	2	4	1	5	5760.000	5974.000	6198.000	6376.000	6608.000	7532.000	7890.000	8178.000	8422.000	8618.000	8908.000	9922.000	10194.000	10388.000	800.000	1100.000	1500.000	5020.400	2	1.000	1.000	1.000	1.000	1.000	15000	
3	12	1	1	1	3000	4	3	5	1	2	5	3	4	1	2	5	1	4	2	43512534125142	0	5000	6096.000	458.000	0	4	3	5	1	2	5	3	4	1	2	5	1	4	2	5462.000	6042.000	6482.000	6906.000	7422.000	7878.000	8342.000	8802.000	9300.000	9788.000	10190.000	10636.000	11082.000	11488.000	800.000	1100.000	1500.000	5020.400	1	1.000	1.000	1.000	1.000	1.000	15000	
3	13	1	4	1	3000	5	4	2	3	1	3	1	4	2	5	3	2	4	1	54231314253241	0	5000	3490.000	506.000	0	5	4	2	3	1	3	1	4	2	5	3	2	4	1	5510.000	5716.000	5976.000	6146.000	6380.000	6610.000	6848.000	7146.000	7552.000	7872.000	8402.000	8598.000	8744.000	8888.000	800.000	1100.000	1500.000	5020.400	3	1.000	1.000	1.000	1.000	1.000	15000	
3	14	1	2	1	3000	2	4	1	3	5	2	1	5	3	4	1	2	4	5	24135215341245	0	5000	4854.000	792.000	0	2	4	1	3	5	2	1	5	3	4	1	2	4	5	5796.000	5990.000	6406.000	6618.000	6978.000	7584.000	7760.000	8190.000	8466.000	9030.000	9184.000	9728.000	9920.000	10550.000	800.000	1100.000	1500.000	5020.400	2	1.000	1.000	1.000	1.000	1.000	15000	
3	15	1	3	1	3000	5	2	3	1	4	2	5	3	1	4	1	3	5	4	52314253141354	0	5000	3388.000	582.000	0	5	2	3	1	4	2	5	3	1	4	1	3	5	4	5586.000	5786.000	5910.000	6208.000	6450.000	6670.000	6908.000	7146.000	7414.000	7662.000	8052.000	8342.000	8678.000	8880.000	800.000	1100.000	1500.000	5020.400	3	1.000	1.000	1.000	1.000	1.000	15000	
3	16	1	6	1	3000	3	5	1	2	4	5	3	2	4	1	5	3	1	2	35124532415312	0	5000	3516.000	516.000	1	3	5	1	2	4	5	3	4	4	1	5	3	1	2	5520.000	5756.000	5860.000	6052.000	6274.000	6516.000	6712.000	7120.000	7768.000	7972.000	8172.000	8488.000	8774.000	8930.000	800.000	1100.000	1500.000	5020.400	0	1.000	1.000	1.000	1.000	1.000	15000	
3	17	1	2	1	3000	3	5	1	2	4	1	5	3	4	2	4	5	3	1	35124153424531	0	5000	4736.000	542.000	0	3	5	1	2	4	1	5	3	4	2	4	5	3	1	5546.000	5828.000	6114.000	6390.000	7034.000	7214.000	7562.000	7820.000	8134.000	8554.000	8786.000	9594.000	9864.000	10170.000	800.000	1100.000	1500.000	5020.400	2	1.000	1.000	1.000	1.000	1.000	15000	
3	18	1	1	1	3000	2	1	3	5	4	1	2	4	3	5	3	1	5	2	21354124353152	0	5000	6116.000	426.000	0	2	1	3	5	4	1	2	4	3	5	3	1	5	2	5430.000	5858.000	6272.000	6652.000	7132.000	7590.000	8166.000	8882.000	9296.000	9736.000	10156.000	10550.000	11000.000	11476.000	800.000	1100.000	1500.000	5020.400	1	1.000	1.000	1.000	1.000	1.000	15000	
3	19	1	3	1	3000	2	4	3	5	1	5	4	2	3	1	5	1	3	2	24351542315132	0	5000	4216.000	488.000	0	2	4	3	5	1	5	4	2	3	1	5	1	3	2	5492.000	5674.000	5838.000	6086.000	6308.000	6560.000	6786.000	7122.000	7404.000	7620.000	7904.000	8338.000	8922.000	9588.000	800.000	1100.000	1500.000	5020.400	3	1.000	1.000	1.000	1.000	1.000	15000	
3	20	1	5	1	3000	5	3	1	2	4	3	5	1	2	4	3	1	5	4	53124351243154	0	5000	2828.000	508.000	0	5	3	1	2	4	3	5	1	2	4	3	1	5	4	5512.000	5756.000	5970.000	6190.000	6452.000	6686.000	6892.000	7086.000	7264.000	7476.000	7664.000	7846.000	8056.000	8186.000	800.000	1100.000	1500.000	5020.400	3	1.000	1.000	1.000	1.000	1.000	15000	
3	21	1	8	1	3000	2	4	5	3	1	3	2	4	5	1	3	4	1	2	24531324513412	0	5000	3134.000	500.000	0	2	4	5	3	1	3	2	4	5	1	3	4	1	2	5504.000	6170.000	6378.000	6556.000	6716.000	6890.000	7124.000	7330.000	7546.000	7682.000	7890.000	8074.000	8344.000	8524.000	800.000	1100.000	1500.000	5020.400	3	1.000	1.000	1.000	1.000	1.000	15000	
3	22	1	6	1	3000	3	2	5	1	4	1	2	4	5	3	4	1	2	5	32514124534125	0	5000	3470.000	578.000	0	3	2	5	1	4	1	2	4	5	3	4	1	2	5	5582.000	5736.000	6122.000	6898.000	7130.000	7394.000	7602.000	7854.000	8086.000	8298.000	8470.000	8632.000	8758.000	8966.000	800.000	1100.000	1500.000	5020.400	3	1.000	1.000	1.000	1.000	1.000	15000	
3	23	1	4	1	3000	2	1	4	5	3	4	1	2	5	3	2	4	1	5	21453412532415	0	5000	3154.000	656.000	1	2	1	4	5	3	4	1	2	5	3	4	4	1	5	5660.000	5814.000	5970.000	6176.000	6364.000	6546.000	6698.000	6854.000	7060.000	7438.000	7788.000	8368.000	8522.000	8688.000	800.000	1100.000	1500.000	5020.400	0	1.000	1.000	1.000	1.000	1.000	15000	
3	24	1	7	1	3000	3	5	2	4	1	4	2	3	5	1	2	5	4	1	35241423512541	0	5000	2724.000	472.000	0	3	5	2	4	1	4	2	3	5	1	2	5	4	1	5476.000	5652.000	5838.000	5988.000	6160.000	6344.000	6564.000	6722.000	6914.000	7078.000	7226.000	7596.000	7894.000	8082.000	800.000	1100.000	1500.000	5020.400	3	1.000	1.000	1.000	1.000	1.000	15000	
3	25	1	1	1	3000	4	5	2	1	3	2	5	1	4	3	5	3	4	1	45213251435341	0	5000	5932.000	472.000	0	4	5	2	1	3	2	5	1	4	3	5	3	4	1	5476.000	5976.000	6684.000	7068.000	7466.000	7844.000	8266.000	8594.000	9034.000	9490.000	9946.000	10298.000	10724.000	11302.000	800.000	1100.000	1500.000	5020.400	1	1.000	1.000	1.000	1.000	1.000	15000	
3	26	1	6	1	3000	5	1	4	2	3	1	2	4	3	5	4	1	2	5	51423124354125	0	5000	2334.000	494.000	0	5	1	4	2	3	1	2	4	3	5	4	1	2	5	5498.000	5644.000	5806.000	6032.000	6172.000	6358.000	6522.000	6724.000	6892.000	7092.000	7250.000	7454.000	7582.000	7728.000	800.000	1100.000	1500.000	5020.400	3	1.000	1.000	1.000	1.000	1.000	15000	
3	27	1	3	1	3000	3	2	4	1	5	3	5	4	1	2	5	3	2	4	32415354125324	0	5000	3222.000	470.000	0	3	2	4	1	5	3	5	4	1	2	5	3	2	4	5474.000	5626.000	5796.000	5980.000	6194.000	6520.000	6754.000	6908.000	7112.000	7302.000	7534.000	8252.000	8432.000	8624.000	800.000	1100.000	1500.000	5020.400	3	1.000	1.000	1.000	1.000	1.000	15000	
4	1	2	8	1	3000	2	1	4	5	3	1	2	4	5	3	5	3	4	1	21453124535341	0	5000	4038.000	766.000	0	2	1	4	5	3	1	2	4	5	3	5	3	4	1	5770.000	5982.000	6194.000	6430.000	6610.000	7398.000	7762.000	8026.000	8334.000	8574.000	8848.000	9134.000	9452.000	9700.000	800.000	1100.000	1500.000	5020.400	3	1.000	1.000	1.000	1.000	1.000	15000	
4	2	2	2	1	3000	2	5	1	3	4	2	5	4	1	3	1	5	2	4	25134254131524	0	5000	5212.000	656.000	0	2	5	1	3	4	2	5	4	1	3	1	5	2	4	5660.000	6268.000	7006.000	7188.000	7594.000	7880.000	8218.000	8568.000	8872.000	9162.000	9674.000	9942.000	10592.000	10790.000	800.000	1100.000	1500.000	5020.400	1	1.000	1.000	1.000	1.000	1.000	15000	
4	3	2	1	1	3000	4	1	5	3	2	5	2	4	3	1	5	2	3	1	41532524315231	0	5000	6266.000	476.000	0	4	1	5	3	2	5	2	4	3	1	5	2	3	1	5480.000	5962.000	6468.000	7008.000	7514.000	8028.000	8474.000	8992.000	9416.000	9860.000	10364.000	10746.000	11186.000	11660.000	800.000	1100.000	1500.000	5020.400	1	1.000	1.000	1.000	1.000	1.000	15000	
4	4	2	6	1	3000	4	5	2	1	3	2	5	3	1	4	5	1	4	2	45213253145142	0	5000	4322.000	548.000	0	4	5	2	1	3	2	5	3	1	4	5	1	4	2	5552.000	5762.000	6102.000	6334.000	6548.000	6920.000	7220.000	7448.000	7702.000	7940.000	8328.000	9368.000	9570.000	9750.000	800.000	1100.000	1500.000	5020.400	3	1.000	1.000	1.000	1.000	1.000	15000	
4	5	2	3	1	3000	3	1	5	2	4	1	3	5	2	4	3	5	2	1	31524135243521	0	5000	3510.000	536.000	0	3	1	5	2	4	1	3	5	2	4	3	5	2	1	5540.000	5720.000	5924.000	6226.000	6482.000	6760.000	6978.000	7222.000	7480.000	7716.000	7996.000	8262.000	8668.000	8906.000	800.000	1100.000	1500.000	5020.400	3	1.000	1.000	1.000	1.000	1.000	15000	
4	6	2	7	1	3000	2	4	5	3	1	5	2	1	3	4	1	5	3	4	24531521341534	0	5000	4220.000	490.000	0	2	4	5	3	1	5	2	1	3	4	1	5	3	4	5494.000	5654.000	5914.000	6138.000	6450.000	6760.000	7038.000	7518.000	7734.000	8052.000	8942.000	9158.000	9368.000	9592.000	800.000	1100.000	1500.000	5020.400	3	1.000	1.000	1.000	1.000	1.000	15000	
4	7	2	5	1	3000	3	5	1	2	4	5	2	4	1	3	2	5	3	4	35124524132534	0	5000	3706.000	618.000	1	3	5	1	2	4	5	2	4	3	3	2	5	3	4	5622.000	5802.000	5954.000	6182.000	6354.000	6692.000	6928.000	7150.000	7424.000	8304.000	8538.000	8796.000	9010.000	9202.000	800.000	1100.000	1500.000	5020.400	0	1.000	1.000	1.000	1.000	1.000	15000	
4	8	2	4	1	3000	5	2	1	4	3	5	2	4	3	1	5	2	3	1	52143524315231	0	5000	4356.000	770.000	0	5	2	1	4	3	5	2	4	3	1	5	2	3	1	5774.000	5982.000	6246.000	6446.000	6664.000	6890.000	7588.000	7852.000	8090.000	9034.000	9254.000	9500.000	9712.000	9924.000	800.000	1100.000	1500.000	5020.400	2	1.000	1.000	1.000	1.000	1.000	15000	
4	9	2	1	1	3000	5	2	3	1	4	3	1	4	5	2	4	5	3	1	52314314524531	0	5000	6488.000	498.000	0	5	2	3	1	4	3	1	4	5	2	4	5	3	1	5502.000	6008.000	6452.000	6852.000	7370.000	7892.000	8384.000	8852.000	9396.000	9906.000	10472.000	10990.000	11438.000	11906.000	800.000	1100.000	1500.000	5020.400	1	1.000	1.000	1.000	1.000	1.000	15000	
4	10	2	8	1	3000	2	5	3	1	4	1	4	2	5	3	2	4	5	3	25314142532453	0	5000	4800.000	558.000	1	2	5	3	1	4	1	4	2	5	3	2	4	3	3	5562.000	6268.000	6540.000	6800.000	7012.000	7334.000	7578.000	7874.000	8158.000	8378.000	8724.000	8972.000	9474.000	10220.000	800.000	1100.000	1500.000	5020.400	0	1.000	1.000	1.000	1.000	1.000	15000	
4	11	2	4	1	3000	1	4	3	5	2	4	5	2	3	1	5	3	4	2	14352452315342	0	5000	3550.000	760.000	0	1	4	3	5	2	4	5	2	3	1	5	3	4	2	5764.000	5962.000	6142.000	6332.000	6586.000	6808.000	7226.000	7520.000	7822.000	8080.000	8392.000	8628.000	9000.000	9196.000	800.000	1100.000	1500.000	5020.400	3	1.000	1.000	1.000	1.000	1.000	15000	
4	12	2	2	1	3000	2	3	1	5	4	2	5	1	3	4	2	4	3	5	23154251342435	0	5000	5732.000	838.000	0	2	3	1	5	4	2	5	1	3	4	2	4	3	5	5842.000	6046.000	7020.000	7252.000	7814.000	8036.000	8368.000	9180.000	9456.000	10078.000	10288.000	10942.000	11156.000	11424.000	800.000	1100.000	1500.000	5020.400	1	1.000	1.000	1.000	1.000	1.000	15000	
4	13	2	6	1	3000	1	4	5	3	2	5	1	2	4	3	1	3	4	2	14532512431342	0	5000	3596.000	542.000	0	1	4	5	3	2	5	1	2	4	3	1	3	4	2	5546.000	5756.000	6024.000	6220.000	6462.000	6728.000	6974.000	7466.000	7678.000	7924.000	8196.000	8444.000	8750.000	9008.000	800.000	1100.000	1500.000	5020.400	3	1.000	1.000	1.000	1.000	1.000	15000	
4	14	2	7	1	3000	3	1	2	5	4	2	5	4	1	3	1	4	5	2	31254254131452	0	5000	4166.000	590.000	0	3	1	2	5	4	2	5	4	1	3	1	4	5	2	5594.000	5788.000	5988.000	6204.000	6420.000	6650.000	7002.000	7326.000	7940.000	8188.000	8762.000	9006.000	9374.000	9616.000	800.000	1100.000	1500.000	5020.400	3	1.000	1.000	1.000	1.000	1.000	15000	
4	15	2	3	1	3000	1	4	3	5	2	4	2	3	5	1	4	2	1	3	14352423514213	0	5000	4140.000	528.000	0	1	4	3	5	2	4	2	3	5	1	4	2	1	3	5532.000	5722.000	5916.000	6170.000	6676.000	6914.000	7212.000	7532.000	7776.000	8016.000	8256.000	8566.000	9278.000	9450.000	800.000	1100.000	1500.000	5020.400	3	1.000	1.000	1.000	1.000	1.000	15000	
4	16	2	5	1	3000	4	1	3	2	5	2	1	3	5	4	2	5	1	4	41325213542514	0	5000	3810.000	516.000	0	4	1	3	2	5	2	1	3	5	4	2	5	1	4	5520.000	5694.000	5862.000	6154.000	6402.000	6672.000	7088.000	7352.000	7636.000	8098.000	8376.000	8696.000	9034.000	9202.000	800.000	1100.000	1500.000	5020.400	3	1.000	1.000	1.000	1.000	1.000	15000	
4	17	2	1	1	3000	4	3	5	2	1	4	2	1	5	3	5	2	4	3	43521421535243	0	5000	6392.000	676.000	0	4	3	5	2	1	4	2	1	5	3	5	2	4	3	5680.000	6128.000	6700.000	7160.000	7586.000	8100.000	8506.000	8952.000	9426.000	9950.000	10488.000	10968.000	11522.000	11948.000	800.000	1100.000	1500.000	5020.400	1	1.000	1.000	1.000	1.000	1.000	15000	
4	18	2	5	1	3000	1	5	3	2	4	2	4	3	5	1	3	5	2	4	15324243513524	0	5000	3398.000	496.000	0	1	5	3	2	4	2	4	3	5	1	3	5	2	4	5500.000	5708.000	5918.000	6110.000	6324.000	6714.000	6956.000	7194.000	7438.000	7702.000	7998.000	8260.000	8612.000	8814.000	800.000	1100.000	1500.000	5020.400	3	1.000	1.000	1.000	1.000	1.000	15000	
4	19	2	8	1	3000	3	4	2	5	1	4	3	5	2	1	5	4	2	1	34251435215421	0	5000	4202.000	486.000	0	3	4	2	5	1	4	3	5	2	1	5	4	2	1	5490.000	5700.000	5882.000	6084.000	6296.000	6506.000	6740.000	6986.000	7296.000	8258.000	8488.000	8736.000	9310.000	9560.000	800.000	1100.000	1500.000	5020.400	3	1.000	1.000	1.000	1.000	1.000	15000	
4	20	2	6	1	3000	1	3	2	4	5	2	3	1	5	4	2	4	1	3	13245231542413	0	5000	3666.000	472.000	0	1	3	2	4	5	2	3	1	5	4	2	4	1	3	5476.000	5604.000	5804.000	5962.000	6190.000	6610.000	6858.000	7082.000	7532.000	7756.000	8112.000	8348.000	8616.000	9020.000	800.000	1100.000	1500.000	5020.400	3	1.000	1.000	1.000	1.000	1.000	15000	
4	21	2	3	1	3000	3	2	4	1	5	2	5	3	1	4	5	1	4	3	32415253145143	0	5000	3872.000	578.000	0	3	2	4	1	5	2	5	3	1	4	5	1	4	3	5582.000	5778.000	5978.000	6252.000	6678.000	6928.000	7310.000	7536.000	7966.000	8204.000	8496.000	8812.000	9096.000	9372.000	800.000	1100.000	1500.000	5020.400	3	1.000	1.000	1.000	1.000	1.000	15000	
4	22	2	2	1	3000	2	5	3	4	1	3	5	1	2	4	5	1	4	3	25341351245143	0	5000	4976.000	460.000	0	2	5	3	4	1	3	5	1	2	4	5	1	4	3	5464.000	5684.000	6188.000	6446.000	6810.000	7084.000	7392.000	7926.000	8234.000	8502.000	9000.000	9744.000	9982.000	10322.000	800.000	1100.000	1500.000	5020.400	2	1.000	1.000	1.000	1.000	1.000	15000	
4	23	2	4	1	3000	3	1	2	5	4	2	4	5	1	3	1	4	3	5	31254245131435	0	5000	3358.000	474.000	0	3	1	2	5	4	2	4	5	1	3	1	4	3	5	5478.000	5646.000	5840.000	6038.000	6248.000	6598.000	6796.000	7120.000	7428.000	7656.000	8040.000	8258.000	8544.000	8712.000	800.000	1100.000	1500.000	5020.400	3	1.000	1.000	1.000	1.000	1.000	15000	
4	24	2	7	1	3000	5	2	1	3	4	2	1	3	5	4	1	2	4	3	52134213541243	0	5000	3226.000	488.000	0	5	2	1	3	4	2	1	3	5	4	1	2	4	3	5492.000	5680.000	5850.000	6042.000	6240.000	6478.000	6748.000	6974.000	7208.000	7530.000	7834.000	8128.000	8332.000	8586.000	800.000	1100.000	1500.000	5020.400	3	1.000	1.000	1.000	1.000	1.000	15000	
4	25	2	1	1	3000	2	4	5	1	3	5	3	4	2	1	3	5	2	1	24513534213521	0	5000	7490.000	462.000	1	2	4	5	1	3	5	5	4	2	1	3	5	2	1	5466.000	5964.000	6480.000	6962.000	7408.000	7958.000	8436.000	9438.000	9980.000	10538.000	10978.000	11634.000	12290.000	12836.000	800.000	1100.000	1500.000	5020.400	0	1.000	1.000	1.000	1.000	1.000	15000	
4	26	2	7	1	3000	4	3	1	2	5	3	5	4	2	1	3	4	1	5	43125354213415	0	5000	5202.000	520.000	0	4	3	1	2	5	3	5	4	2	1	3	4	1	5	5524.000	5742.000	5952.000	6170.000	6880.000	7216.000	7516.000	7846.000	8198.000	9536.000	9776.000	10032.000	10302.000	10590.000	800.000	1100.000	1500.000	5020.400	1	1.000	1.000	1.000	1.000	1.000	15000	
4	27	2	8	1	3000	4	3	1	2	5	2	5	1	3	4	2	5	1	4	43125251342514	0	5000	3790.000	572.000	0	4	3	1	2	5	2	5	1	3	4	2	5	1	4	5576.000	5802.000	5986.000	6250.000	6534.000	6756.000	7054.000	7456.000	7766.000	8198.000	8526.000	8756.000	9026.000	9260.000	800.000	1100.000	1500.000	5020.400	3	1.000	1.000	1.000	1.000	1.000	15000	
5	1	1	1	1	3000	5	4	2	3	1	5	1	3	2	4	1	5	4	2	54231513241542	0	5000	6824.000	416.000	0	5	4	2	3	1	5	1	3	2	4	1	5	4	2	5420.000	6234.000	6968.000	7398.000	7790.000	8228.000	8744.000	9238.000	9662.000	10216.000	10648.000	11112.000	11672.000	12180.000	800.000	1100.000	1500.000	6000.000	1	1.000	1.000	1.000	1.000	1.000	15000	
5	2	1	4	1	3000	1	5	2	4	3	5	3	4	2	1	4	1	5	2	15243534214152	0	5000	3902.000	482.000	1	1	5	2	4	3	3	3	4	2	1	4	1	5	2	5486.000	5700.000	5920.000	6126.000	6352.000	6780.000	7288.000	7524.000	7800.000	8098.000	8366.000	8768.000	9030.000	9252.000	800.000	1100.000	1500.000	6000.000	0	1.000	1.000	1.000	1.000	1.000	15000	
5	3	1	3	1	3000	2	4	5	1	3	4	1	3	5	2	4	5	2	1	24513413524521	0	5000	3956.000	596.000	0	2	4	5	1	3	4	1	3	5	2	4	5	2	1	5600.000	5862.000	6092.000	6364.000	6690.000	6956.000	7210.000	7508.000	7832.000	8158.000	8702.000	8956.000	9228.000	9424.000	800.000	1100.000	1500.000	6000.000	3	1.000	1.000	1.000	1.000	1.000	15000	
5	4	1	6	1	3000	5	2	3	1	4	2	1	4	3	5	2	1	5	4	52314214352154	0	5000	4096.000	480.000	1	5	2	3	1	4	3	2	1	3	5	2	1	5	4	5484.000	5728.000	5916.000	6132.000	6326.000	6578.000	7136.000	7362.000	8308.000	8610.000	8896.000	9084.000	9280.000	9456.000	800.000	1100.000	1500.000	6000.000	0	1.000	1.000	1.000	1.000	1.000	15000	
5	5	1	8	1	3000	4	3	1	2	5	2	5	4	1	3	1	5	3	4	43125254131534	0	5000	3804.000	776.000	1	4	3	1	2	5	2	4	3	1	3	1	5	3	4	5780.000	6016.000	6212.000	6414.000	6824.000	7160.000	7424.000	7668.000	8166.000	8416.000	8648.000	8942.000	9256.000	9476.000	800.000	1100.000	1500.000	6000.000	0	1.000	1.000	1.000	1.000	1.000	15000	
5	6	1	7	1	3000	3	4	2	5	1	2	4	1	5	3	4	2	1	5	34251241534215	0	5000	3042.000	476.000	0	3	4	2	5	1	2	4	1	5	3	4	2	1	5	5480.000	5666.000	5906.000	6116.000	6300.000	6512.000	6754.000	7074.000	7320.000	7608.000	7822.000	8058.000	8246.000	8422.000	800.000	1100.000	1500.000	6000.000	3	1.000	1.000	1.000	1.000	1.000	15000	
5	7	1	2	1	3000	1	4	5	3	2	5	3	1	2	4	3	1	4	5	14532531243145	0	5000	4230.000	648.000	0	1	4	5	3	2	5	3	1	2	4	3	1	4	5	5652.000	5866.000	6226.000	6580.000	6822.000	7094.000	7472.000	7688.000	8084.000	8530.000	8776.000	9154.000	9512.000	9792.000	800.000	1100.000	1500.000	6000.000	3	1.000	1.000	1.000	1.000	1.000	15000	
5	8	1	5	1	3000	5	2	1	4	3	5	1	2	4	3	5	1	4	3	52143512435143	0	5000	2864.000	478.000	0	5	2	1	4	3	5	1	2	4	3	5	1	4	3	5482.000	5708.000	5928.000	6132.000	6362.000	6588.000	6774.000	6976.000	7204.000	7414.000	7620.000	7846.000	8086.000	8256.000	800.000	1100.000	1500.000	6000.000	3	1.000	1.000	1.000	1.000	1.000	15000	
5	9	1	6	1	3000	4	2	3	1	5	2	4	3	1	5	3	4	1	2	42315243153412	0	5000	2882.000	410.000	0	4	2	3	1	5	2	4	3	1	5	3	4	1	2	5414.000	5612.000	5808.000	6032.000	6228.000	6438.000	6652.000	6836.000	7042.000	7228.000	7472.000	7736.000	8002.000	8198.000	800.000	1100.000	1500.000	6000.000	3	1.000	1.000	1.000	1.000	1.000	15000	
5	10	1	3	1	3000	4	1	3	5	2	5	2	3	1	4	5	1	3	4	41352523145134	0	5000	3244.000	446.000	0	4	1	3	5	2	5	2	3	1	4	5	1	3	4	5450.000	5654.000	5864.000	6096.000	6344.000	6598.000	6918.000	7118.000	7352.000	7564.000	7786.000	8020.000	8378.000	8592.000	800.000	1100.000	1500.000	6000.000	3	1.000	1.000	1.000	1.000	1.000	15000	
5	11	1	2	1	3000	4	5	3	1	2	4	2	5	1	3	1	3	2	4	45312425131324	0	5000	4424.000	644.000	1	4	5	5	3	1	4	2	5	1	3	1	3	2	4	5648.000	5856.000	6246.000	6248.000	6466.000	7022.000	7234.000	7518.000	7820.000	8604.000	8804.000	9398.000	9588.000	9954.000	800.000	1100.000	1500.000	6000.000	0	1.000	1.000	1.000	1.000	1.000	15000	
5	12	1	4	1	3000	3	1	4	5	2	1	4	5	2	3	5	3	1	4	31452145235314	0	5000	4250.000	534.000	0	3	1	4	5	2	1	4	5	2	3	5	3	1	4	5538.000	5748.000	5950.000	6196.000	6864.000	7090.000	7292.000	7528.000	8306.000	8536.000	8958.000	9200.000	9466.000	9684.000	800.000	1100.000	1500.000	6000.000	3	1.000	1.000	1.000	1.000	1.000	15000	
5	13	1	8	1	3000	1	5	3	4	2	3	1	4	2	5	4	2	3	1	15342314254231	0	5000	3158.000	444.000	0	1	5	3	4	2	3	1	4	2	5	4	2	3	1	5448.000	5642.000	5854.000	6060.000	6278.000	6466.000	6688.000	6904.000	7250.000	7574.000	7804.000	8098.000	8288.000	8500.000	800.000	1100.000	1500.000	6000.000	3	1.000	1.000	1.000	1.000	1.000	15000	
5	14	1	1	1	3000	1	5	4	2	3	1	3	2	4	5	3	2	4	5	15423132453245	0	5000	6598.000	410.000	1	1	5	4	2	5	1	3	2	4	5	3	2	4	5	5414.000	5808.000	6384.000	6896.000	7374.000	8072.000	8598.000	9090.000	9586.000	10036.000	10502.000	10956.000	11404.000	11914.000	800.000	1100.000	1500.000	6000.000	0	1.000	1.000	1.000	1.000	1.000	15000	
5	15	1	7	1	3000	1	2	4	3	5	2	3	5	1	4	1	3	5	2	12435235141352	0	5000	3234.000	452.000	0	1	2	4	3	5	2	3	5	1	4	1	3	5	2	5456.000	5670.000	5870.000	6056.000	6256.000	6486.000	6700.000	6904.000	7140.000	7436.000	7764.000	8050.000	8278.000	8606.000	800.000	1100.000	1500.000	6000.000	3	1.000	1.000	1.000	1.000	1.000	15000	
5	16	1	5	1	3000	5	4	2	1	3	5	4	2	1	3	1	5	4	2	54213542131542	0	5000	3286.000	530.000	0	5	4	2	1	3	5	4	2	1	3	1	5	4	2	5534.000	5698.000	5932.000	6136.000	6342.000	6582.000	6774.000	7144.000	7418.000	7704.000	7938.000	8196.000	8414.000	8722.000	800.000	1100.000	1500.000	6000.000	3	1.000	1.000	1.000	1.000	1.000	15000	
5	17	1	3	1	3000	4	1	2	5	3	2	5	4	1	3	5	2	3	1	41253254135231	0	5000	3490.000	458.000	0	4	1	2	5	3	2	5	4	1	3	5	2	3	1	5462.000	5654.000	5824.000	6088.000	6648.000	6852.000	7124.000	7348.000	7620.000	7896.000	8138.000	8428.000	8648.000	8846.000	800.000	1100.000	1500.000	6000.000	3	1.000	1.000	1.000	1.000	1.000	15000	
5	18	1	1	1	3000	3	5	2	1	4	1	5	2	4	3	1	5	2	4	35214152431524	0	5000	6918.000	424.000	1	3	5	5	1	4	1	5	2	4	3	1	5	2	4	5428.000	5856.000	6354.000	7054.000	7588.000	8060.000	8594.000	9008.000	9838.000	10348.000	10766.000	11228.000	11674.000	12242.000	800.000	1100.000	1500.000	6000.000	0	1.000	1.000	1.000	1.000	1.000	15000	
5	19	1	6	1	3000	3	4	1	2	5	2	3	5	4	1	3	5	4	2	34125235413542	0	5000	4962.000	456.000	1	3	1	1	2	5	2	3	5	4	1	3	5	2	2	5460.000	5934.000	6684.000	6912.000	7618.000	7910.000	8124.000	8348.000	8534.000	8760.000	8976.000	9172.000	9690.000	10278.000	800.000	1100.000	1500.000	6000.000	0	1.000	1.000	1.000	1.000	1.000	15000	
5	20	1	2	1	3000	3	1	4	2	5	4	2	1	5	3	1	5	3	4	31425421531534	0	5000	4384.000	572.000	0	3	1	4	2	5	4	2	1	5	3	1	5	3	4	5576.000	5810.000	6156.000	6456.000	6718.000	7020.000	7584.000	7802.000	8112.000	8468.000	8732.000	9006.000	9664.000	9864.000	800.000	1100.000	1500.000	6000.000	3	1.000	1.000	1.000	1.000	1.000	15000	
5	21	1	5	1	3000	4	1	2	5	3	1	2	4	5	3	2	5	3	1	41253124532531	0	5000	3388.000	474.000	1	4	1	2	5	3	1	2	5	5	3	2	5	3	1	5478.000	5692.000	5868.000	6100.000	6308.000	6574.000	6886.000	7316.000	7530.000	7854.000	8080.000	8368.000	8558.000	8746.000	800.000	1100.000	1500.000	6000.000	0	1.000	1.000	1.000	1.000	1.000	15000	
5	22	1	7	1	3000	4	5	3	1	2	5	3	1	4	2	3	5	1	4	45312531423514	0	5000	4104.000	538.000	0	4	5	3	1	2	5	3	1	4	2	3	5	1	4	5542.000	5780.000	5996.000	6200.000	6384.000	6666.000	6956.000	7578.000	8258.000	8500.000	8718.000	8988.000	9258.000	9546.000	800.000	1100.000	1500.000	6000.000	3	1.000	1.000	1.000	1.000	1.000	15000	
5	23	1	8	1	3000	2	3	5	4	1	3	5	1	4	2	3	1	5	4	23541351423154	0	5000	2900.000	426.000	0	2	3	5	4	1	3	5	1	4	2	3	1	5	4	5430.000	5604.000	5864.000	6076.000	6286.000	6508.000	6742.000	7002.000	7230.000	7504.000	7692.000	7892.000	8070.000	8232.000	800.000	1100.000	1500.000	6000.000	3	1.000	1.000	1.000	1.000	1.000	15000	
5	24	1	4	1	3000	3	5	4	1	2	5	3	4	2	1	3	2	5	1	35412534213251	0	5000	4146.000	516.000	1	3	5	4	1	2	5	3	4	2	1	4	2	5	1	5520.000	5752.000	5898.000	6140.000	6342.000	6584.000	6842.000	7022.000	7256.000	7440.000	7686.000	9040.000	9344.000	9550.000	800.000	1100.000	1500.000	6000.000	0	1.000	1.000	1.000	1.000	1.000	15000	
5	25	1	3	1	3000	1	3	5	2	4	1	3	4	2	5	3	1	2	5	13524134253125	0	5000	3742.000	444.000	1	1	5	5	2	4	1	3	4	2	5	3	1	2	5	5448.000	5622.000	5832.000	6166.000	6490.000	6718.000	7366.000	7562.000	7804.000	8114.000	8348.000	8666.000	8864.000	9080.000	800.000	1100.000	1500.000	6000.000	0	1.000	1.000	1.000	1.000	1.000	15000	
5	26	1	8	1	3000	2	4	1	5	3	4	1	5	3	2	4	1	3	2	24153415324132	0	5000	3874.000	538.000	0	2	4	1	5	3	4	1	5	3	2	4	1	3	2	5542.000	5724.000	5924.000	6106.000	6324.000	6532.000	6888.000	7174.000	7534.000	7782.000	8350.000	8768.000	9084.000	9312.000	800.000	1100.000	1500.000	6000.000	3	1.000	1.000	1.000	1.000	1.000	15000	
5	27	1	6	1	3000	5	2	4	3	1	4	3	5	1	2	4	2	5	3	52431435124253	0	5000	3504.000	488.000	1	5	2	4	3	1	4	3	5	1	2	4	2	5	5	5492.000	5678.000	6170.000	6402.000	6656.000	6864.000	7066.000	7264.000	7482.000	7676.000	8020.000	8366.000	8644.000	8890.000	800.000	1100.000	1500.000	6000.000	0	1.000	1.000	1.000	1.000	1.000	15000	
6	1	2	6	1	3000	4	2	3	1	5	3	5	1	4	2	1	4	5	2	42315351421452	0	5000	3880.000	442.000	0	4	2	3	1	5	3	5	1	4	2	1	4	5	2	5446.000	5666.000	5832.000	6058.000	6286.000	6544.000	6816.000	7230.000	7502.000	7878.000	8256.000	8536.000	9040.000	9252.000	800.000	1100.000	1500.000	6000.000	3	1.000	1.000	1.000	1.000	1.000	15000	
6	2	2	3	1	3000	4	1	3	5	2	1	5	4	2	3	1	4	3	5	41352154231435	0	5000	3868.000	626.000	0	4	1	3	5	2	1	5	4	2	3	1	4	3	5	5630.000	5810.000	6030.000	6264.000	6830.000	7080.000	7352.000	7666.000	8024.000	8310.000	8560.000	8876.000	9242.000	9408.000	800.000	1100.000	1500.000	6000.000	3	1.000	1.000	1.000	1.000	1.000	15000	
6	3	2	8	1	3000	5	1	3	2	4	1	4	3	5	2	1	5	3	2	51324143521532	0	5000	3418.000	680.000	0	5	1	3	2	4	1	4	3	5	2	1	5	3	2	5684.000	5868.000	6068.000	6268.000	6488.000	6736.000	6984.000	7282.000	7512.000	7896.000	8174.000	8550.000	8802.000	9028.000	800.000	1100.000	1500.000	6000.000	3	1.000	1.000	1.000	1.000	1.000	15000	
6	4	2	4	1	3000	3	5	1	2	4	3	1	2	4	5	1	4	5	3	35124312451453	0	5000	3632.000	410.000	0	3	5	1	2	4	3	1	2	4	5	1	4	5	3	5414.000	5574.000	5772.000	5996.000	6510.000	6750.000	6992.000	7284.000	7522.000	7824.000	8096.000	8338.000	8774.000	8962.000	800.000	1100.000	1500.000	6000.000	3	1.000	1.000	1.000	1.000	1.000	15000	
6	5	2	1	1	3000	3	5	2	1	4	2	3	1	5	4	2	5	1	3	35214231542513	0	5000	6404.000	468.000	1	3	5	2	1	4	2	3	1	5	4	2	5	1	5	5472.000	5896.000	6348.000	6820.000	7286.000	7786.000	8232.000	8702.000	9244.000	9786.000	10272.000	10794.000	11292.000	11784.000	800.000	1100.000	1500.000	6000.000	0	1.000	1.000	1.000	1.000	1.000	15000	
6	6	2	7	1	3000	4	5	2	3	1	3	2	5	1	4	5	3	4	1	45231325145341	0	5000	5150.000	674.000	1	4	2	2	3	1	3	2	5	1	4	5	3	4	1	5678.000	6208.000	7190.000	7438.000	7708.000	8000.000	8278.000	8508.000	8802.000	9016.000	9390.000	10232.000	10482.000	10690.000	800.000	1100.000	1500.000	6000.000	0	1.000	1.000	1.000	1.000	1.000	15000	
6	7	2	5	1	3000	3	2	5	4	1	5	1	4	2	3	5	3	2	4	32541514235324	0	5000	4016.000	540.000	0	3	2	5	4	1	5	1	4	2	3	5	3	2	4	5544.000	5772.000	6048.000	6576.000	6826.000	7148.000	7502.000	7754.000	8052.000	8292.000	8550.000	9002.000	9280.000	9488.000	800.000	1100.000	1500.000	6000.000	3	1.000	1.000	1.000	1.000	1.000	15000	
6	8	2	2	1	3000	4	1	5	2	3	5	3	4	2	1	3	5	1	4	41523534213514	0	5000	5320.000	478.000	0	4	1	5	2	3	5	3	4	2	1	3	5	1	4	5482.000	5728.000	6040.000	6312.000	6616.000	6854.000	7492.000	7732.000	8084.000	8548.000	9204.000	10064.000	10452.000	10688.000	800.000	1100.000	1500.000	6000.000	2	1.000	1.000	1.000	1.000	1.000	15000	
6	9	2	4	1	3000	5	3	2	4	1	5	1	3	4	2	4	1	3	2	53241513424132	0	5000	4794.000	666.000	1	3	3	2	4	1	5	1	3	4	2	4	1	3	2	5670.000	6972.000	7218.000	7434.000	7680.000	7912.000	8240.000	8530.000	8842.000	9108.000	9518.000	9770.000	10042.000	10346.000	800.000	1100.000	1500.000	6000.000	0	1.000	1.000	1.000	1.000	1.000	15000	
6	10	2	6	1	3000	5	3	1	2	4	1	4	2	5	3	4	2	1	5	53124142534215	0	5000	3828.000	520.000	0	5	3	1	2	4	1	4	2	5	3	4	2	1	5	5524.000	5758.000	5990.000	6368.000	6628.000	6858.000	7092.000	7366.000	7630.000	7860.000	8232.000	8530.000	9012.000	9244.000	800.000	1100.000	1500.000	6000.000	3	1.000	1.000	1.000	1.000	1.000	15000	
6	11	2	1	1	3000	5	3	4	2	1	4	2	1	3	5	1	3	2	4	53421421351324	0	5000	6348.000	452.000	0	5	3	4	2	1	4	2	1	3	5	1	3	2	4	5456.000	5950.000	6450.000	6854.000	7302.000	7772.000	8230.000	8670.000	9116.000	9632.000	10202.000	10692.000	11112.000	11710.000	800.000	1100.000	1500.000	6000.000	1	1.000	1.000	1.000	1.000	1.000	15000	
6	12	2	5	1	3000	4	1	5	2	3	5	2	4	3	1	3	2	4	1	41523524313241	0	5000	4454.000	544.000	1	4	1	5	2	5	5	2	4	3	1	3	2	4	1	5548.000	5786.000	5998.000	6222.000	6936.000	7712.000	8004.000	8232.000	8540.000	8808.000	9106.000	9410.000	9662.000	9860.000	800.000	1100.000	1500.000	6000.000	0	1.000	1.000	1.000	1.000	1.000	15000	
6	13	2	8	1	3000	2	5	1	3	4	1	4	5	3	2	5	1	3	4	25134145325134	0	5000	3654.000	550.000	0	2	5	1	3	4	1	4	5	3	2	5	1	3	4	5554.000	5788.000	5998.000	6192.000	6418.000	6720.000	6976.000	7310.000	7624.000	7886.000	8146.000	8498.000	8796.000	9086.000	800.000	1100.000	1500.000	6000.000	3	1.000	1.000	1.000	1.000	1.000	15000	
6	14	2	2	1	3000	4	2	1	3	5	4	1	3	5	2	4	5	2	3	42135413524523	0	5000	4278.000	636.000	0	4	2	1	3	5	4	1	3	5	2	4	5	2	3	5640.000	5874.000	6290.000	6584.000	6794.000	7114.000	7476.000	7754.000	8258.000	8470.000	8736.000	9204.000	9540.000	9816.000	800.000	1100.000	1500.000	6000.000	3	1.000	1.000	1.000	1.000	1.000	15000	
6	15	2	7	1	3000	4	2	1	3	5	1	4	3	5	2	5	4	2	1	42135143525421	0	5000	3554.000	516.000	0	4	2	1	3	5	1	4	3	5	2	5	4	2	1	5520.000	5690.000	5906.000	6094.000	6300.000	6600.000	6866.000	7132.000	7342.000	7634.000	7960.000	8308.000	8760.000	8950.000	800.000	1100.000	1500.000	6000.000	3	1.000	1.000	1.000	1.000	1.000	15000	
6	16	2	3	1	3000	1	3	5	4	2	4	2	3	1	5	3	5	2	1	13542423153521	0	5000	6274.000	462.000	1	1	5	5	4	2	4	2	3	1	5	3	5	2	1	5466.000	5936.000	7644.000	7992.000	8210.000	8786.000	9088.000	9392.000	9644.000	10040.000	10836.000	11052.000	11300.000	11590.000	800.000	1100.000	1500.000	6000.000	0	1.000	1.000	1.000	1.000	1.000	15000	
6	17	2	6	1	3000	2	1	4	5	3	2	4	3	5	1	3	5	4	1	21453243513541	0	5000	3656.000	558.000	0	2	1	4	5	3	2	4	3	5	1	3	5	4	1	5562.000	5782.000	6030.000	6252.000	6482.000	6792.000	7082.000	7368.000	7592.000	7916.000	8230.000	8532.000	8826.000	9090.000	800.000	1100.000	1500.000	6000.000	3	1.000	1.000	1.000	1.000	1.000	15000	
6	18	2	2	1	3000	5	2	1	3	4	1	4	5	3	2	5	2	1	3	52134145325213	0	5000	4610.000	698.000	0	5	2	1	3	4	1	4	5	3	2	5	2	1	3	5702.000	5888.000	6236.000	6502.000	6956.000	7200.000	7494.000	7944.000	8226.000	8568.000	8882.000	9600.000	9824.000	10208.000	800.000	1100.000	1500.000	6000.000	3	1.000	1.000	1.000	1.000	1.000	15000	
6	19	2	1	1	3000	4	5	2	1	3	4	2	3	5	1	5	3	4	2	45213423515342	0	5000	6288.000	402.000	0	4	5	2	1	3	4	2	3	5	1	5	3	4	2	5406.000	5868.000	6246.000	6670.000	7068.000	7600.000	7974.000	8420.000	9124.000	9672.000	10170.000	10714.000	11204.000	11598.000	800.000	1100.000	1500.000	6000.000	1	1.000	1.000	1.000	1.000	1.000	15000	
6	20	2	4	1	3000	1	2	4	3	5	2	4	5	3	1	4	3	5	2	12435245314352	0	5000	3538.000	424.000	0	1	2	4	3	5	2	4	5	3	1	4	3	5	2	5428.000	5636.000	5894.000	6128.000	6356.000	6592.000	6872.000	7260.000	7504.000	7772.000	8016.000	8338.000	8580.000	8848.000	800.000	1100.000	1500.000	6000.000	3	1.000	1.000	1.000	1.000	1.000	15000	
6	21	2	5	1	3000	1	4	2	3	5	3	5	4	2	1	4	5	3	2	14235354214532	0	5000	3588.000	514.000	0	1	4	2	3	5	3	5	4	2	1	4	5	3	2	5518.000	5712.000	5958.000	6172.000	6414.000	6664.000	6922.000	7232.000	7514.000	7922.000	8216.000	8576.000	8786.000	8988.000	800.000	1100.000	1500.000	6000.000	3	1.000	1.000	1.000	1.000	1.000	15000	
6	22	2	7	1	3000	2	3	1	4	5	1	3	4	2	5	1	5	2	3	23145134251523	0	5000	3980.000	538.000	0	2	3	1	4	5	1	3	4	2	5	1	5	2	3	5542.000	5746.000	6232.000	6440.000	6720.000	7050.000	7322.000	7612.000	7830.000	8152.000	8506.000	8914.000	9198.000	9428.000	800.000	1100.000	1500.000	6000.000	3	1.000	1.000	1.000	1.000	1.000	15000	
6	23	2	8	1	3000	4	3	5	2	1	3	2	4	1	5	3	4	2	5	43521324153425	0	5000	4198.000	642.000	1	4	2	5	2	1	3	2	4	1	5	3	4	2	5	5646.000	5988.000	6876.000	7104.000	7346.000	7600.000	7880.000	8120.000	8418.000	8732.000	8998.000	9264.000	9520.000	9738.000	800.000	1100.000	1500.000	6000.000	0	1.000	1.000	1.000	1.000	1.000	15000	
6	24	2	3	1	3000	3	5	2	4	1	5	1	3	4	2	5	2	4	3	35241513425243	0	5000	4582.000	544.000	0	3	5	2	4	1	5	1	3	4	2	5	2	4	3	5548.000	5742.000	5958.000	6402.000	6668.000	6934.000	7292.000	7552.000	7870.000	8110.000	8426.000	8866.000	9800.000	10016.000	800.000	1100.000	1500.000	6000.000	3	1.000	1.000	1.000	1.000	1.000	15000	
6	25	2	6	1	3000	2	3	1	4	5	2	4	3	5	1	2	4	3	1	23145243512431	0	5000	3566.000	544.000	0	2	3	1	4	5	2	4	3	5	1	2	4	3	1	5548.000	5738.000	5934.000	6148.000	6422.000	6638.000	6930.000	7172.000	7408.000	7848.000	8114.000	8346.000	8608.000	9010.000	800.000	1100.000	1500.000	6000.000	3	1.000	1.000	1.000	1.000	1.000	15000	
6	26	2	3	1	3000	4	3	1	2	5	1	5	3	4	2	3	5	2	1	43125153423521	0	5000	3890.000	426.000	1	4	4	3	1	5	1	5	3	4	2	3	5	2	1	5430.000	5604.000	5618.000	5808.000	6572.000	6810.000	7142.000	7360.000	7766.000	7984.000	8266.000	8498.000	8764.000	9180.000	800.000	1100.000	1500.000	6000.000	0	1.000	1.000	1.000	1.000	1.000	15000	
6	27	2	5	1	3000	5	4	2	3	1	3	4	2	5	1	5	3	2	4	54231342515324	0	5000	3450.000	532.000	0	5	4	2	3	1	3	4	2	5	1	5	3	2	4	5536.000	5732.000	5976.000	6230.000	6426.000	6676.000	6922.000	7192.000	7520.000	7812.000	8162.000	8430.000	8698.000	8864.000	800.000	1100.000	1500.000	6000.000	3	1.000	1.000	1.000	1.000	1.000	15000	
7	1	1	3	1	3000	1	3	5	4	2	4	2	1	3	5	1	2	5	4	13542421351254	0	5000	3488.000	468.000	0	1	3	5	4	2	4	2	1	3	5	1	2	5	4	5472.000	5698.000	5926.000	6156.000	6444.000	6664.000	7048.000	7238.000	7506.000	7878.000	8146.000	8358.000	8624.000	8854.000	800.000	1100.000	1500.000	6000.000	3	1.000	1.000	1.000	1.000	1.000	15000	
7	2	1	2	1	3000	2	4	3	1	5	2	1	3	5	4	2	1	5	4	24315213542154	0	5000	4436.000	490.000	0	2	4	3	1	5	2	1	3	5	4	2	1	5	4	5494.000	5702.000	5980.000	6186.000	6476.000	6802.000	7064.000	7434.000	7644.000	8498.000	8698.000	9138.000	9366.000	9776.000	800.000	1100.000	1500.000	6000.000	3	1.000	1.000	1.000	1.000	1.000	15000	
7	3	1	8	1	3000	5	1	3	2	4	1	5	2	4	3	1	3	5	4	51324152431354	0	5000	3476.000	544.000	1	5	1	3	2	4	1	5	2	3	5	1	3	5	4	5548.000	5730.000	5914.000	6126.000	6334.000	6562.000	6764.000	6968.000	7222.000	8018.000	8252.000	8488.000	8756.000	8920.000	800.000	1100.000	1500.000	6000.000	0	1.000	1.000	1.000	1.000	1.000	15000	
7	4	1	5	1	3000	3	5	4	2	1	5	2	4	3	1	5	1	3	2	35421524315132	0	5000	3632.000	478.000	0	3	5	4	2	1	5	2	4	3	1	5	1	3	2	5482.000	5688.000	5864.000	6168.000	6396.000	6926.000	7300.000	7576.000	7772.000	8004.000	8216.000	8454.000	8854.000	9016.000	800.000	1100.000	1500.000	6000.000	3	1.000	1.000	1.000	1.000	1.000	15000	
7	5	1	4	1	3000	2	5	1	3	4	2	4	3	1	5	2	4	3	1	25134243152431	0	5000	2766.000	466.000	0	2	5	1	3	4	2	4	3	1	5	2	4	3	1	5470.000	5650.000	5836.000	6024.000	6248.000	6474.000	6678.000	6888.000	7098.000	7322.000	7560.000	7806.000	7968.000	8112.000	800.000	1100.000	1500.000	6000.000	3	1.000	1.000	1.000	1.000	1.000	15000	
7	6	1	1	1	3000	5	1	3	2	4	1	5	2	4	3	5	2	1	4	51324152435214	0	5000	5650.000	434.000	1	5	1	3	2	4	1	5	2	4	3	5	2	1	3	5438.000	5862.000	6290.000	6684.000	7090.000	7504.000	7940.000	8320.000	8820.000	9252.000	9674.000	10078.000	10502.000	11004.000	800.000	1100.000	1500.000	6000.000	0	1.000	1.000	1.000	1.000	1.000	15000	
7	7	1	7	1	3000	5	3	1	4	2	4	3	5	1	2	5	2	1	3	53142435125213	0	5000	3700.000	528.000	1	5	3	1	4	2	4	3	5	1	2	5	2	1	5	5532.000	5698.000	5910.000	6174.000	6360.000	6780.000	7004.000	7380.000	7622.000	7846.000	8200.000	8796.000	8984.000	9134.000	800.000	1100.000	1500.000	6000.000	0	1.000	1.000	1.000	1.000	1.000	15000	
7	8	1	6	1	3000	3	5	2	1	4	2	4	3	1	5	2	5	3	1	35214243152531	0	5000	4164.000	540.000	1	3	5	2	1	4	2	4	3	1	5	2	4	3	1	5544.000	5756.000	5954.000	6166.000	6430.000	6692.000	6940.000	7190.000	7408.000	7674.000	7988.000	8364.000	9384.000	9564.000	800.000	1100.000	1500.000	6000.000	0	1.000	1.000	1.000	1.000	1.000	15000	
7	9	1	4	1	3000	3	5	2	1	4	5	2	3	1	4	1	5	2	3	35214523141523	0	5000	3028.000	478.000	1	3	5	2	1	4	5	2	3	1	4	1	5	2	5	5482.000	5678.000	5868.000	6058.000	6242.000	6452.000	6668.000	6870.000	7076.000	7310.000	7692.000	7944.000	8248.000	8438.000	800.000	1100.000	1500.000	6000.000	0	1.000	1.000	1.000	1.000	1.000	15000	
7	10	1	3	1	3000	5	2	1	3	4	2	4	1	5	3	5	2	1	3	52134241535213	0	5000	3744.000	656.000	0	5	2	1	3	4	2	4	1	5	3	5	2	1	3	5660.000	5900.000	6092.000	6308.000	6556.000	6852.000	7022.000	7232.000	7976.000	8258.000	8496.000	8870.000	9068.000	9288.000	800.000	1100.000	1500.000	6000.000	3	1.000	1.000	1.000	1.000	1.000	15000	
7	11	1	1	1	3000	1	4	2	5	3	5	1	2	4	3	1	5	3	4	14253512431534	0	5000	6156.000	412.000	0	1	4	2	5	3	5	1	2	4	3	1	5	3	4	5416.000	5984.000	6400.000	6842.000	7224.000	7682.000	8100.000	8580.000	9104.000	9576.000	9992.000	10442.000	11028.000	11476.000	800.000	1100.000	1500.000	6000.000	1	1.000	1.000	1.000	1.000	1.000	15000	
7	12	1	5	1	3000	4	1	3	5	2	1	5	3	2	4	1	2	5	3	41352153241253	0	5000	4242.000	594.000	1	4	1	3	2	2	1	5	3	2	4	1	2	5	3	5598.000	5822.000	6038.000	6436.000	7168.000	7362.000	7604.000	7932.000	8164.000	8390.000	8594.000	8750.000	9466.000	9710.000	800.000	1100.000	1500.000	6000.000	0	1.000	1.000	1.000	1.000	1.000	15000	
7	13	1	2	1	3000	4	5	1	3	2	5	1	3	2	4	3	1	2	4	45132513243124	0	5000	4182.000	510.000	0	4	5	1	3	2	5	1	3	2	4	3	1	2	4	5514.000	5716.000	6130.000	6394.000	6724.000	7024.000	7262.000	7812.000	7994.000	8324.000	8584.000	8914.000	9246.000	9620.000	800.000	1100.000	1500.000	6000.000	3	1.000	1.000	1.000	1.000	1.000	15000	
7	14	1	7	1	3000	2	3	1	4	5	1	2	4	3	5	4	1	5	2	23145124354152	0	5000	2926.000	516.000	0	2	3	1	4	5	1	2	4	3	5	4	1	5	2	5520.000	5696.000	5896.000	6114.000	6336.000	6526.000	6742.000	6958.000	7162.000	7370.000	7570.000	7814.000	8062.000	8340.000	800.000	1100.000	1500.000	6000.000	3	1.000	1.000	1.000	1.000	1.000	15000	
7	15	1	8	1	3000	5	3	4	1	2	4	2	1	5	3	5	3	1	4	53412421535314	0	5000	3414.000	402.000	0	5	3	4	1	2	4	2	1	5	3	5	3	1	4	5406.000	5650.000	5840.000	6022.000	6188.000	6446.000	6750.000	6938.000	7166.000	7432.000	7716.000	8044.000	8216.000	8724.000	800.000	1100.000	1500.000	6000.000	3	1.000	1.000	1.000	1.000	1.000	15000	
7	16	1	6	1	3000	3	1	5	4	2	4	1	3	2	5	4	1	3	5	31542413254135	0	5000	2920.000	584.000	0	3	1	5	4	2	4	1	3	2	5	4	1	3	5	5588.000	5764.000	5938.000	6110.000	6382.000	6588.000	6782.000	7014.000	7200.000	7458.000	7668.000	7880.000	8170.000	8410.000	800.000	1100.000	1500.000	6000.000	3	1.000	1.000	1.000	1.000	1.000	15000	
7	17	1	2	1	3000	2	3	5	4	1	3	5	4	2	1	4	5	2	1	23541354214521	0	5000	4342.000	476.000	0	2	3	5	4	1	3	5	4	2	1	4	5	2	1	5480.000	5590.000	6018.000	6172.000	6498.000	6786.000	7020.000	7380.000	7710.000	7934.000	8348.000	9220.000	9480.000	9716.000	800.000	1100.000	1500.000	6000.000	3	1.000	1.000	1.000	1.000	1.000	15000	
7	18	1	4	1	3000	5	2	4	3	1	4	1	5	3	2	4	1	3	2	52431415324132	0	5000	2924.000	442.000	0	5	2	4	3	1	4	1	5	3	2	4	1	3	2	5446.000	5622.000	5800.000	5976.000	6208.000	6516.000	6726.000	6948.000	7232.000	7390.000	7664.000	7884.000	8122.000	8280.000	800.000	1100.000	1500.000	6000.000	3	1.000	1.000	1.000	1.000	1.000	15000	
7	19	1	6	1	3000	4	2	3	5	1	4	3	5	1	2	5	1	4	2	42351435125142	0	5000	2662.000	514.000	0	4	2	3	5	1	4	3	5	1	2	5	1	4	2	5518.000	5744.000	5934.000	6122.000	6310.000	6492.000	6668.000	6860.000	7044.000	7232.000	7472.000	7654.000	7848.000	8058.000	800.000	1100.000	1500.000	6000.000	3	1.000	1.000	1.000	1.000	1.000	15000	
7	20	1	3	1	3000	5	1	3	2	4	2	5	4	1	3	1	3	2	4	51324254131324	0	5000	3144.000	478.000	0	5	1	3	2	4	2	5	4	1	3	1	3	2	4	5482.000	5622.000	5776.000	6008.000	6208.000	6430.000	6682.000	6876.000	7134.000	7388.000	7684.000	8042.000	8292.000	8518.000	800.000	1100.000	1500.000	6000.000	3	1.000	1.000	1.000	1.000	1.000	15000	
7	21	1	1	1	3000	2	4	5	3	1	3	5	4	2	1	4	2	1	3	24531354214213	0	5000	5540.000	412.000	0	2	4	5	3	1	3	5	4	2	1	4	2	1	3	5416.000	5788.000	6216.000	6564.000	6906.000	7286.000	7720.000	8218.000	8586.000	8972.000	9484.000	9820.000	10232.000	10844.000	800.000	1100.000	1500.000	6000.000	2	1.000	1.000	1.000	1.000	1.000	15000	
7	22	1	8	1	3000	4	1	3	5	2	1	3	2	5	4	2	1	4	3	41352132542143	0	5000	4290.000	494.000	1	4	1	3	5	2	1	3	2	4	3	1	1	4	3	5498.000	5686.000	5844.000	6046.000	6242.000	6402.000	6760.000	6960.000	7182.000	7362.000	7894.000	8898.000	9510.000	9690.000	800.000	1100.000	1500.000	6000.000	0	1.000	1.000	1.000	1.000	1.000	15000	
7	23	1	5	1	3000	2	4	1	3	5	2	5	3	1	4	1	5	3	4	24135253141534	0	5000	3792.000	514.000	0	2	4	1	3	5	2	5	3	1	4	1	5	3	4	5518.000	5698.000	5904.000	6078.000	6288.000	6826.000	7104.000	7378.000	7556.000	7812.000	8168.000	8774.000	9062.000	9240.000	800.000	1100.000	1500.000	6000.000	3	1.000	1.000	1.000	1.000	1.000	15000	
7	24	1	7	1	3000	3	5	2	1	4	2	4	1	3	5	4	2	3	5	35214241354235	0	5000	2822.000	612.000	0	3	5	2	1	4	2	4	1	3	5	4	2	3	5	5616.000	5798.000	5998.000	6174.000	6368.000	6584.000	6796.000	7014.000	7240.000	7478.000	7646.000	7984.000	8174.000	8346.000	800.000	1100.000	1500.000	6000.000	3	1.000	1.000	1.000	1.000	1.000	15000	
7	25	1	6	1	3000	2	1	4	5	3	1	2	4	3	5	1	3	2	5	21453124351325	0	5000	3466.000	508.000	1	2	1	4	5	3	1	2	4	3	1	1	3	2	5	5512.000	5672.000	5870.000	6054.000	6256.000	6414.000	6578.000	6808.000	6984.000	7406.000	8018.000	8434.000	8590.000	8832.000	800.000	1100.000	1500.000	6000.000	0	1.000	1.000	1.000	1.000	1.000	15000	
7	26	1	8	1	3000	1	3	2	5	4	1	4	5	3	2	5	1	3	4	13254145325134	0	5000	2978.000	478.000	0	1	3	2	5	4	1	4	5	3	2	5	1	3	4	5482.000	5688.000	5850.000	6084.000	6226.000	6448.000	6656.000	6862.000	7104.000	7256.000	7496.000	7764.000	8078.000	8354.000	800.000	1100.000	1500.000	6000.000	3	1.000	1.000	1.000	1.000	1.000	15000	
7	27	1	7	1	3000	3	5	2	4	1	2	5	3	4	1	5	2	3	1	35241253415231	0	5000	3992.000	486.000	0	3	5	2	4	1	2	5	3	4	1	5	2	3	1	5490.000	5712.000	5904.000	6122.000	6332.000	6500.000	6712.000	6958.000	7150.000	7346.000	7562.000	9030.000	9196.000	9338.000	800.000	1100.000	1500.000	6000.000	3	1.000	1.000	1.000	1.000	1.000	15000	
8	1	2	8	1	3000	3	5	2	1	4	3	5	1	2	4	3	5	4	2	35214351243542	0	5000	3346.000	470.000	0	3	5	2	1	4	3	5	1	2	4	3	5	4	2	5474.000	5648.000	5862.000	6064.000	6272.000	6520.000	6758.000	7108.000	7394.000	7622.000	7840.000	8084.000	8560.000	8738.000	800.000	1100.000	1500.000	4033.700	3	1.000	1.000	1.000	1.000	1.000	15000	
8	2	2	5	1	3000	1	2	4	3	5	2	3	5	1	4	2	5	1	3	12435235142513	0	5000	3882.000	486.000	1	1	2	4	3	2	2	3	5	1	4	2	5	1	3	5490.000	5660.000	5844.000	6038.000	6490.000	7278.000	7490.000	7696.000	7958.000	8176.000	8466.000	8766.000	9130.000	9264.000	800.000	1100.000	1500.000	4033.700	0	1.000	1.000	1.000	1.000	1.000	15000	
8	3	2	6	1	3000	1	4	2	3	5	1	4	2	5	3	2	5	4	1	14235142532541	0	5000	4274.000	394.000	0	1	4	2	3	5	1	4	2	5	3	2	5	4	1	5398.000	5562.000	5816.000	6018.000	6568.000	6818.000	7014.000	7318.000	7658.000	7920.000	8272.000	9106.000	9352.000	9548.000	800.000	1100.000	1500.000	4033.700	3	1.000	1.000	1.000	1.000	1.000	15000	
8	4	2	2	1	3000	3	1	4	5	2	3	5	2	1	4	3	5	4	2	31452352143542	0	5000	4306.000	654.000	0	3	1	4	5	2	3	5	2	1	4	3	5	4	2	5658.000	5804.000	6206.000	6438.000	6968.000	7234.000	7514.000	7890.000	8328.000	8582.000	8900.000	9094.000	9630.000	9876.000	800.000	1100.000	1500.000	4033.700	3	1.000	1.000	1.000	1.000	1.000	15000	
8	5	2	4	1	3000	4	3	5	1	2	4	2	5	1	3	4	1	3	5	43512425134135	0	5000	3634.000	564.000	0	4	3	5	1	2	4	2	5	1	3	4	1	3	5	5568.000	5728.000	5898.000	6092.000	6502.000	6724.000	7360.000	7582.000	7806.000	8050.000	8334.000	8672.000	8944.000	9112.000	800.000	1100.000	1500.000	4033.700	3	1.000	1.000	1.000	1.000	1.000	15000	
8	6	2	7	1	3000	4	3	1	2	5	2	4	5	3	1	5	3	1	4	43125245315314	0	5000	3900.000	548.000	0	4	3	1	2	5	2	4	5	3	1	5	3	1	4	5552.000	5788.000	5986.000	6252.000	6564.000	6914.000	7136.000	7444.000	7690.000	8364.000	8588.000	8808.000	9064.000	9334.000	800.000	1100.000	1500.000	4033.700	3	1.000	1.000	1.000	1.000	1.000	15000	
8	7	2	3	1	3000	2	3	5	4	1	4	5	2	3	1	4	3	5	2	23541452314352	0	5000	3530.000	602.000	0	2	3	5	4	1	4	5	2	3	1	4	3	5	2	5606.000	5752.000	5948.000	6212.000	6522.000	6714.000	7256.000	7518.000	7732.000	7998.000	8210.000	8562.000	8798.000	9048.000	800.000	1100.000	1500.000	4033.700	3	1.000	1.000	1.000	1.000	1.000	15000	
8	8	2	1	1	3000	3	5	1	2	4	5	3	1	2	4	2	5	1	4	35124531242514	0	5000	6218.000	402.000	0	3	5	1	2	4	5	3	1	2	4	2	5	1	4	5406.000	5836.000	6312.000	6776.000	7172.000	7694.000	8150.000	8626.000	9110.000	9480.000	9976.000	10524.000	11048.000	11528.000	800.000	1100.000	1500.000	4033.700	1	1.000	1.000	1.000	1.000	1.000	15000	
8	9	2	4	1	3000	2	3	5	1	4	3	5	1	2	4	5	2	1	3	23514351245213	0	5000	3700.000	526.000	0	2	3	5	1	4	3	5	1	2	4	5	2	1	3	5530.000	5672.000	5866.000	6098.000	6306.000	6542.000	6768.000	7470.000	7722.000	7922.000	8236.000	8514.000	9012.000	9194.000	800.000	1100.000	1500.000	4033.700	3	1.000	1.000	1.000	1.000	1.000	15000	
8	10	2	3	1	3000	4	3	1	5	2	5	1	3	2	4	5	3	1	4	43152513245314	0	5000	3472.000	434.000	0	4	3	1	5	2	5	1	3	2	4	5	3	1	4	5438.000	5594.000	5764.000	6022.000	6234.000	6704.000	7002.000	7238.000	7558.000	7752.000	8040.000	8270.000	8668.000	8848.000	800.000	1100.000	1500.000	4033.700	3	1.000	1.000	1.000	1.000	1.000	15000	
8	11	2	7	1	3000	2	1	4	3	5	3	2	5	4	1	5	2	4	3	21435325415243	0	5000	4428.000	568.000	0	2	1	4	3	5	3	2	5	4	1	5	2	4	3	5572.000	5750.000	5922.000	6096.000	6286.000	6822.000	7088.000	7402.000	7920.000	8720.000	8988.000	9270.000	9498.000	9900.000	800.000	1100.000	1500.000	4033.700	3	1.000	1.000	1.000	1.000	1.000	15000	
8	12	2	2	1	3000	3	4	2	1	5	4	2	5	1	3	2	4	3	1	34215425132431	0	5000	4632.000	590.000	0	3	4	2	1	5	4	2	5	1	3	2	4	3	1	5594.000	5768.000	6112.000	6408.000	6750.000	7028.000	7394.000	7708.000	8424.000	8602.000	9086.000	9292.000	9972.000	10096.000	800.000	1100.000	1500.000	4033.700	3	1.000	1.000	1.000	1.000	1.000	15000	
8	13	2	6	1	3000	1	3	4	2	5	2	1	4	3	5	3	5	4	1	13425214353541	0	5000	3326.000	374.000	0	1	3	4	2	5	2	1	4	3	5	3	5	4	1	5378.000	5550.000	5744.000	5922.000	6184.000	6394.000	6688.000	6886.000	7160.000	7376.000	7786.000	8064.000	8330.000	8576.000	800.000	1100.000	1500.000	4033.700	3	1.000	1.000	1.000	1.000	1.000	15000	
8	14	2	5	1	3000	4	3	1	5	2	1	3	5	4	2	3	1	2	4	43152135423124	0	5000	3158.000	704.000	0	4	3	1	5	2	1	3	5	4	2	3	1	2	4	5708.000	5878.000	6048.000	6254.000	6472.000	6814.000	7052.000	7278.000	7564.000	7842.000	8104.000	8294.000	8620.000	8782.000	800.000	1100.000	1500.000	4033.700	3	1.000	1.000	1.000	1.000	1.000	15000	
8	15	2	1	1	3000	3	1	4	2	5	2	5	3	4	1	3	1	5	4	31425253413154	0	5000	6318.000	458.000	0	3	1	4	2	5	2	5	3	4	1	3	1	5	4	5462.000	5932.000	6368.000	6796.000	7280.000	7804.000	8340.000	8782.000	9258.000	9730.000	10216.000	10632.000	11166.000	11672.000	800.000	1100.000	1500.000	4033.700	1	1.000	1.000	1.000	1.000	1.000	15000	
8	16	2	8	1	3000	4	2	1	5	3	5	3	4	2	1	3	5	1	2	42153534213512	0	5000	4330.000	446.000	0	4	2	1	5	3	5	3	4	2	1	3	5	1	2	5450.000	5626.000	5826.000	6066.000	6332.000	6576.000	7080.000	7294.000	7556.000	7838.000	8150.000	8944.000	9502.000	9636.000	800.000	1100.000	1500.000	4033.700	3	1.000	1.000	1.000	1.000	1.000	15000	
8	17	2	3	1	3000	3	4	2	5	1	4	1	3	5	2	4	5	1	3	34251413524513	0	5000	3458.000	524.000	0	3	4	2	5	1	4	1	3	5	2	4	5	1	3	5528.000	5696.000	5900.000	6208.000	6520.000	6734.000	7106.000	7376.000	7624.000	7916.000	8106.000	8426.000	8758.000	8932.000	800.000	1100.000	1500.000	4033.700	3	1.000	1.000	1.000	1.000	1.000	15000	
8	18	2	7	1	3000	1	5	3	2	4	3	5	2	4	1	2	5	1	4	15324352412514	0	5000	3340.000	464.000	0	1	5	3	2	4	3	5	2	4	1	2	5	1	4	5468.000	5646.000	5832.000	6038.000	6220.000	6450.000	6692.000	7116.000	7340.000	7576.000	7896.000	8256.000	8564.000	8690.000	800.000	1100.000	1500.000	4033.700	3	1.000	1.000	1.000	1.000	1.000	15000	
8	19	2	5	1	3000	1	3	4	2	5	3	4	1	2	5	1	5	4	2	13425341251542	0	5000	4270.000	408.000	1	1	5	4	2	5	3	4	1	2	5	1	5	4	2	5412.000	5568.000	5768.000	6020.000	6432.000	6742.000	7032.000	7814.000	8024.000	8330.000	8566.000	8882.000	9298.000	9570.000	800.000	1100.000	1500.000	4033.700	0	1.000	1.000	1.000	1.000	1.000	15000	
8	20	2	1	1	3000	2	5	1	3	4	2	4	1	3	5	2	5	1	4	25134241352514	0	5000	6148.000	526.000	0	2	5	1	3	4	2	4	1	3	5	2	5	1	4	5530.000	6058.000	6542.000	6946.000	7416.000	7822.000	8252.000	8724.000	9132.000	9564.000	10034.000	10594.000	11050.000	11554.000	800.000	1100.000	1500.000	4033.700	1	1.000	1.000	1.000	1.000	1.000	15000	
8	21	2	2	1	3000	1	3	2	4	5	1	4	2	3	5	1	2	5	3	13245142351253	0	5000	4018.000	456.000	0	1	3	2	4	5	1	4	2	3	5	1	2	5	3	5460.000	5660.000	6030.000	6250.000	6680.000	6900.000	7160.000	7448.000	7736.000	7994.000	8418.000	8698.000	9018.000	9394.000	800.000	1100.000	1500.000	4033.700	3	1.000	1.000	1.000	1.000	1.000	15000	
8	22	2	6	1	3000	5	2	4	3	1	4	3	1	2	5	1	2	5	4	52431431251254	0	5000	3454.000	548.000	0	5	2	4	3	1	4	3	1	2	5	1	2	5	4	5552.000	5738.000	5914.000	6192.000	6412.000	6602.000	6916.000	7210.000	7500.000	7774.000	8032.000	8314.000	8642.000	8908.000	800.000	1100.000	1500.000	4033.700	3	1.000	1.000	1.000	1.000	1.000	15000	
8	23	2	4	1	3000	4	1	3	2	5	2	1	3	5	4	2	5	1	4	41325213542514	0	5000	3160.000	450.000	0	4	1	3	2	5	2	1	3	5	4	2	5	1	4	5454.000	5584.000	5764.000	5968.000	6180.000	6400.000	6724.000	6962.000	7216.000	7492.000	7740.000	8028.000	8378.000	8526.000	800.000	1100.000	1500.000	4033.700	3	1.000	1.000	1.000	1.000	1.000	15000	
8	24	2	8	1	3000	4	1	2	5	3	2	4	3	5	1	5	1	2	4	41253243515124	0	5000	3526.000	508.000	0	4	1	2	5	3	2	4	3	5	1	5	1	2	4	5512.000	5664.000	5852.000	6034.000	6250.000	6628.000	6824.000	7048.000	7274.000	7892.000	8138.000	8384.000	8762.000	8936.000	800.000	1100.000	1500.000	4033.700	3	1.000	1.000	1.000	1.000	1.000	15000	
8	25	2	5	1	3000	1	4	3	5	2	4	5	1	3	2	4	2	3	1	14352451324231	0	5000	4018.000	446.000	1	1	4	3	5	2	4	3	1	3	2	4	2	3	1	5450.000	5640.000	5826.000	5994.000	6254.000	6508.000	6774.000	7598.000	7902.000	8184.000	8412.000	8762.000	9170.000	9360.000	800.000	1100.000	1500.000	4033.700	0	1.000	1.000	1.000	1.000	1.000	15000	
8	26	2	1	1	3000	2	5	1	3	4	2	4	1	5	3	1	3	5	4	25134241531354	0	5000	6184.000	444.000	0	2	5	1	3	4	2	4	1	5	3	1	3	5	4	5448.000	5900.000	6378.000	6774.000	7220.000	7668.000	8200.000	8642.000	9128.000	9608.000	10044.000	10466.000	11044.000	11516.000	800.000	1100.000	1500.000	4033.700	1	1.000	1.000	1.000	1.000	1.000	15000	
8	27	2	6	1	3000	2	4	5	3	1	3	4	1	5	2	3	1	4	5	24531341523145	0	5000	3392.000	614.000	0	2	4	5	3	1	3	4	1	5	2	3	1	4	5	5618.000	5820.000	6026.000	6232.000	6432.000	6674.000	6922.000	7238.000	7638.000	7920.000	8190.000	8452.000	8718.000	8934.000	800.000	1100.000	1500.000	4033.700	3	1.000	1.000	1.000	1.000	1.000	15000	
